[[[0.06584920011241961, 0.027030272347275227, 0.06400876077047774, 0.05816010535030708, -0.024853286725232588], [0.027030272347275227, 0.04842342342342342, 0.02703006650375071, 0.020020020020020016, -0.01502243350069437], [0.06400876077047774, 0.02703006650375071, 0.06320184532415514, 0.05354004476811494, -0.025012106247804183], [0.05816010535030708, 0.020020020020020016, 0.05354004476811494, 0.0661772883995106, -0.02369892949603094], [-0.024853286725232588, -0.01502243350069437, -0.025012106247804183, -0.02369892949603094, 0.08012867653699408]], [[0.06584920011241961, 0.027030272347275227, 0.06400876077047774, 0.05816010535030708, -0.024853286725232588], [0.027030272347275227, 0.04842342342342342, 0.02703006650375071, 0.020020020020020016, -0.01502243350069437], [0.06400876077047774, 0.02703006650375071, 0.06320184532415514, 0.05354004476811494, -0.025012106247804183], [0.05816010535030708, 0.020020020020020016, 0.05354004476811494, 0.0661772883995106, -0.02369892949603094], [-0.024853286725232588, -0.01502243350069437, -0.025012106247804183, -0.02369892949603094, 0.08012867653699408]], [[0.06584920011241961, 0.027030272347275227, 0.06400876077047774, 0.05816010535030708, -0.024853286725232588], [0.027030272347275227, 0.04842342342342342, 0.02703006650375071, 0.020020020020020016, -0.01502243350069437], [0.06400876077047774, 0.02703006650375071, 0.06320184532415514, 0.05354004476811494, -0.025012106247804183], [0.05816010535030708, 0.020020020020020016, 0.05354004476811494, 0.0661772883995106, -0.02369892949603094], [-0.024853286725232588, -0.01502243350069437, -0.025012106247804183, -0.02369892949603094, 0.08012867653699408]], [[0.06584920011241961, 0.027030272347275227, 0.06400876077047774, 0.05816010535030708, -0.024853286725232588], [0.027030272347275227, 0.04842342342342342, 0.02703006650375071, 0.020020020020020016, -0.01502243350069437], [0.06400876077047774, 0.02703006650375071, 0.06320184532415514, 0.05354004476811494, -0.025012106247804183], [0.05816010535030708, 0.020020020020020016, 0.05354004476811494, 0.0661772883995106, -0.02369892949603094], [-0.024853286725232588, -0.01502243350069437, -0.025012106247804183, -0.02369892949603094, 0.08012867653699408]], [[0.06584920011241961, 0.027030272347275227, 0.06400876077047774, 0.05816010535030708, -0.024853286725232588], [0.027030272347275227, 0.04842342342342342, 0.02703006650375071, 0.020020020020020016, -0.01502243350069437], [0.06400876077047774, 0.02703006650375071, 0.06320184532415514, 0.05354004476811494, -0.025012106247804183], [0.05816010535030708, 0.020020020020020016, 0.05354004476811494, 0.0661772883995106, -0.02369892949603094], [-0.024853286725232588, -0.01502243350069437, -0.025012106247804183, -0.02369892949603094, 0.08012867653699408]], [[0.06584920011241961, 0.027030272347275227, 0.06400876077047774, 0.05816010535030708, -0.024853286725232588], [0.027030272347275227, 0.04842342342342342, 0.02703006650375071, 0.020020020020020016, -0.01502243350069437], [0.06400876077047774, 0.02703006650375071, 0.06320184532415514, 0.05354004476811494, -0.025012106247804183], [0.05816010535030708, 0.020020020020020016, 0.05354004476811494, 0.0661772883995106, -0.02369892949603094], [-0.024853286725232588, -0.01502243350069437, -0.025012106247804183, -0.02369892949603094, 0.08012867653699408]], [[0.06584920011241961, 0.027030272347275227, 0.06400876077047774, 0.05816010535030708, -0.024853286725232588], [0.027030272347275227, 0.04842342342342342, 0.02703006650375071, 0.020020020020020016, -0.01502243350069437], [0.06400876077047774, 0.02703006650375071, 0.06320184532415514, 0.05354004476811494, -0.025012106247804183], [0.05816010535030708, 0.020020020020020016, 0.05354004476811494, 0.0661772883995106, -0.02369892949603094], [-0.024853286725232588, -0.01502243350069437, -0.025012106247804183, -0.02369892949603094, 0.08012867653699408]], [[0.06584920011241961, 0.027030272347275227, 0.06400876077047774, 0.05816010535030708, -0.024853286725232588], [0.027030272347275227, 0.04842342342342342, 0.02703006650375071, 0.020020020020020016, -0.01502243350069437], [0.06400876077047774, 0.02703006650375071, 0.06320184532415514, 0.05354004476811494, -0.025012106247804183], [0.05816010535030708, 0.020020020020020016, 0.05354004476811494, 0.0661772883995106, -0.02369892949603094], [-0.024853286725232588, -0.01502243350069437, -0.025012106247804183, -0.02369892949603094, 0.08012867653699408]], [[0.06584920011241961, 0.027030272347275227, 0.06400876077047774, 0.05816010535030708, -0.024853286725232588], [0.027030272347275227, 0.04842342342342342, 0.02703006650375071, 0.020020020020020016, -0.01502243350069437], [0.06400876077047774, 0.02703006650375071, 0.06320184532415514, 0.05354004476811494, -0.025012106247804183], [0.05816010535030708, 0.020020020020020016, 0.05354004476811494, 0.0661772883995106, -0.02369892949603094], [-0.024853286725232588, -0.01502243350069437, -0.025012106247804183, -0.02369892949603094, 0.08012867653699408]], [[0.06584920011241961, 0.027030272347275227, 0.06400876077047774, 0.05816010535030708, -0.024853286725232588], [0.027030272347275227, 0.04842342342342342, 0.02703006650375071, 0.020020020020020016, -0.01502243350069437], [0.06400876077047774, 0.02703006650375071, 0.06320184532415514, 0.05354004476811494, -0.025012106247804183], [0.05816010535030708, 0.020020020020020016, 0.05354004476811494, 0.0661772883995106, -0.02369892949603094], [-0.024853286725232588, -0.01502243350069437, -0.025012106247804183, -0.02369892949603094, 0.08012867653699408]], [[0.06584920011241961, 0.027030272347275227, 0.06400876077047774, 0.05816010535030708, -0.024853286725232588], [0.027030272347275227, 0.04842342342342342, 0.02703006650375071, 0.020020020020020016, -0.01502243350069437], [0.06400876077047774, 0.02703006650375071, 0.06320184532415514, 0.05354004476811494, -0.025012106247804183], [0.05816010535030708, 0.020020020020020016, 0.05354004476811494, 0.0661772883995106, -0.02369892949603094], [-0.024853286725232588, -0.01502243350069437, -0.025012106247804183, -0.02369892949603094, 0.08012867653699408]], [[0.06584920011241961, 0.027030272347275227, 0.06400876077047774, 0.05816010535030708, -0.024853286725232588], [0.027030272347275227, 0.04842342342342342, 0.02703006650375071, 0.020020020020020016, -0.01502243350069437], [0.06400876077047774, 0.02703006650375071, 0.06320184532415514, 0.05354004476811494, -0.025012106247804183], [0.05816010535030708, 0.020020020020020016, 0.05354004476811494, 0.0661772883995106, -0.02369892949603094], [-0.024853286725232588, -0.01502243350069437, -0.025012106247804183, -0.02369892949603094, 0.08012867653699408]], [[0.06584920011241961, 0.027030272347275227, 0.06400876077047774, 0.05816010535030708, -0.024853286725232588], [0.027030272347275227, 0.04842342342342342, 0.02703006650375071, 0.020020020020020016, -0.01502243350069437], [0.06400876077047774, 0.02703006650375071, 0.06320184532415514, 0.05354004476811494, -0.025012106247804183], [0.05816010535030708, 0.020020020020020016, 0.05354004476811494, 0.0661772883995106, -0.02369892949603094], [-0.024853286725232588, -0.01502243350069437, -0.025012106247804183, -0.02369892949603094, 0.08012867653699408]], [[0.06584920011241961, 0.027030272347275227, 0.06400876077047774, 0.05816010535030708, -0.024853286725232588], [0.027030272347275227, 0.04842342342342342, 0.02703006650375071, 0.020020020020020016, -0.01502243350069437], [0.06400876077047774, 0.02703006650375071, 0.06320184532415514, 0.05354004476811494, -0.025012106247804183], [0.05816010535030708, 0.020020020020020016, 0.05354004476811494, 0.0661772883995106, -0.02369892949603094], [-0.024853286725232588, -0.01502243350069437, -0.025012106247804183, -0.02369892949603094, 0.08012867653699408]], [[0.06584920011241961, 0.027030272347275227, 0.06400876077047774, 0.05816010535030708, -0.024853286725232588], [0.027030272347275227, 0.04842342342342342, 0.02703006650375071, 0.020020020020020016, -0.01502243350069437], [0.06400876077047774, 0.02703006650375071, 0.06320184532415514, 0.05354004476811494, -0.025012106247804183], [0.05816010535030708, 0.020020020020020016, 0.05354004476811494, 0.0661772883995106, -0.02369892949603094], [-0.024853286725232588, -0.01502243350069437, -0.025012106247804183, -0.02369892949603094, 0.08012867653699408]], [[0.06584920011241961, 0.027030272347275227, 0.06400876077047774, 0.05816010535030708, -0.024853286725232588], [0.027030272347275227, 0.04842342342342342, 0.02703006650375071, 0.020020020020020016, -0.01502243350069437], [0.06400876077047774, 0.02703006650375071, 0.06320184532415514, 0.05354004476811494, -0.025012106247804183], [0.05816010535030708, 0.020020020020020016, 0.05354004476811494, 0.0661772883995106, -0.02369892949603094], [-0.024853286725232588, -0.01502243350069437, -0.025012106247804183, -0.02369892949603094, 0.08012867653699408]], [[0.06584920011241961, 0.027030272347275227, 0.06400876077047774, 0.05816010535030708, -0.024853286725232588], [0.027030272347275227, 0.04842342342342342, 0.02703006650375071, 0.020020020020020016, -0.01502243350069437], [0.06400876077047774, 0.02703006650375071, 0.06320184532415514, 0.05354004476811494, -0.025012106247804183], [0.05816010535030708, 0.020020020020020016, 0.05354004476811494, 0.0661772883995106, -0.02369892949603094], [-0.024853286725232588, -0.01502243350069437, -0.025012106247804183, -0.02369892949603094, 0.08012867653699408]], [[0.06584920011241961, 0.027030272347275227, 0.06400876077047774, 0.05816010535030708, -0.024853286725232588], [0.027030272347275227, 0.04842342342342342, 0.02703006650375071, 0.020020020020020016, -0.01502243350069437], [0.06400876077047774, 0.02703006650375071, 0.06320184532415514, 0.05354004476811494, -0.025012106247804183], [0.05816010535030708, 0.020020020020020016, 0.05354004476811494, 0.0661772883995106, -0.02369892949603094], [-0.024853286725232588, -0.01502243350069437, -0.025012106247804183, -0.02369892949603094, 0.08012867653699408]], [[0.06584920011241961, 0.027030272347275227, 0.06400876077047774, 0.05816010535030708, -0.024853286725232588], [0.027030272347275227, 0.04842342342342342, 0.02703006650375071, 0.020020020020020016, -0.01502243350069437], [0.06400876077047774, 0.02703006650375071, 0.06320184532415514, 0.05354004476811494, -0.025012106247804183], [0.05816010535030708, 0.020020020020020016, 0.05354004476811494, 0.0661772883995106, -0.02369892949603094], [-0.024853286725232588, -0.01502243350069437, -0.025012106247804183, -0.02369892949603094, 0.08012867653699408]], [[0.06584920011241961, 0.027030272347275227, 0.06400876077047774, 0.05816010535030708, -0.024853286725232588], [0.027030272347275227, 0.04842342342342342, 0.02703006650375071, 0.020020020020020016, -0.01502243350069437], [0.06400876077047774, 0.02703006650375071, 0.06320184532415514, 0.05354004476811494, -0.025012106247804183], [0.05816010535030708, 0.020020020020020016, 0.05354004476811494, 0.0661772883995106, -0.02369892949603094], [-0.024853286725232588, -0.01502243350069437, -0.025012106247804183, -0.02369892949603094, 0.08012867653699408]], [[0.06584920011241961, 0.027030272347275227, 0.06400876077047774, 0.05816010535030708, -0.024853286725232588], [0.027030272347275227, 0.04842342342342342, 0.02703006650375071, 0.020020020020020016, -0.01502243350069437], [0.06400876077047774, 0.02703006650375071, 0.06320184532415514, 0.05354004476811494, -0.025012106247804183], [0.05816010535030708, 0.020020020020020016, 0.05354004476811494, 0.0661772883995106, -0.02369892949603094], [-0.024853286725232588, -0.01502243350069437, -0.025012106247804183, -0.02369892949603094, 0.08012867653699408]], [[0.06584920011241961, 0.027030272347275227, 0.06400876077047774, 0.05816010535030708, -0.024853286725232588], [0.027030272347275227, 0.04842342342342342, 0.02703006650375071, 0.020020020020020016, -0.01502243350069437], [0.06400876077047774, 0.02703006650375071, 0.06320184532415514, 0.05354004476811494, -0.025012106247804183], [0.05816010535030708, 0.020020020020020016, 0.05354004476811494, 0.0661772883995106, -0.02369892949603094], [-0.024853286725232588, -0.01502243350069437, -0.025012106247804183, -0.02369892949603094, 0.08012867653699408]], [[0.06584920011241961, 0.027030272347275227, 0.06400876077047774, 0.05816010535030708, -0.024853286725232588], [0.027030272347275227, 0.04842342342342342, 0.02703006650375071, 0.020020020020020016, -0.01502243350069437], [0.06400876077047774, 0.02703006650375071, 0.06320184532415514, 0.05354004476811494, -0.025012106247804183], [0.05816010535030708, 0.020020020020020016, 0.05354004476811494, 0.0661772883995106, -0.02369892949603094], [-0.024853286725232588, -0.01502243350069437, -0.025012106247804183, -0.02369892949603094, 0.08012867653699408]], [[0.06584920011241961, 0.027030272347275227, 0.06400876077047774, 0.05816010535030708, -0.024853286725232588], [0.027030272347275227, 0.04842342342342342, 0.02703006650375071, 0.020020020020020016, -0.01502243350069437], [0.06400876077047774, 0.02703006650375071, 0.06320184532415514, 0.05354004476811494, -0.025012106247804183], [0.05816010535030708, 0.020020020020020016, 0.05354004476811494, 0.0661772883995106, -0.02369892949603094], [-0.024853286725232588, -0.01502243350069437, -0.025012106247804183, -0.02369892949603094, 0.08012867653699408]], [[0.06584920011241961, 0.027030272347275227, 0.06400876077047774, 0.05816010535030708, -0.024853286725232588], [0.027030272347275227, 0.04842342342342342, 0.02703006650375071, 0.020020020020020016, -0.01502243350069437], [0.06400876077047774, 0.02703006650375071, 0.06320184532415514, 0.05354004476811494, -0.025012106247804183], [0.05816010535030708, 0.020020020020020016, 0.05354004476811494, 0.0661772883995106, -0.02369892949603094], [-0.024853286725232588, -0.01502243350069437, -0.025012106247804183, -0.02369892949603094, 0.08012867653699408]], [[0.06584920011241961, 0.027030272347275227, 0.06400876077047774, 0.05816010535030708, -0.024853286725232588], [0.027030272347275227, 0.04842342342342342, 0.02703006650375071, 0.020020020020020016, -0.01502243350069437], [0.06400876077047774, 0.02703006650375071, 0.06320184532415514, 0.05354004476811494, -0.025012106247804183], [0.05816010535030708, 0.020020020020020016, 0.05354004476811494, 0.0661772883995106, -0.02369892949603094], [-0.024853286725232588, -0.01502243350069437, -0.025012106247804183, -0.02369892949603094, 0.08012867653699408]], [[0.06584920011241961, 0.027030272347275227, 0.06400876077047774, 0.05816010535030708, -0.024853286725232588], [0.027030272347275227, 0.04842342342342342, 0.02703006650375071, 0.020020020020020016, -0.01502243350069437], [0.06400876077047774, 0.02703006650375071, 0.06320184532415514, 0.05354004476811494, -0.025012106247804183], [0.05816010535030708, 0.020020020020020016, 0.05354004476811494, 0.0661772883995106, -0.02369892949603094], [-0.024853286725232588, -0.01502243350069437, -0.025012106247804183, -0.02369892949603094, 0.08012867653699408]], [[0.06584920011241961, 0.027030272347275227, 0.06400876077047774, 0.05816010535030708, -0.024853286725232588], [0.027030272347275227, 0.04842342342342342, 0.02703006650375071, 0.020020020020020016, -0.01502243350069437], [0.06400876077047774, 0.02703006650375071, 0.06320184532415514, 0.05354004476811494, -0.025012106247804183], [0.05816010535030708, 0.020020020020020016, 0.05354004476811494, 0.0661772883995106, -0.02369892949603094], [-0.024853286725232588, -0.01502243350069437, -0.025012106247804183, -0.02369892949603094, 0.08012867653699408]], [[0.06584920011241961, 0.027030272347275227, 0.06400876077047774, 0.05816010535030708, -0.024853286725232588], [0.027030272347275227, 0.04842342342342342, 0.02703006650375071, 0.020020020020020016, -0.01502243350069437], [0.06400876077047774, 0.02703006650375071, 0.06320184532415514, 0.05354004476811494, -0.025012106247804183], [0.05816010535030708, 0.020020020020020016, 0.05354004476811494, 0.0661772883995106, -0.02369892949603094], [-0.024853286725232588, -0.01502243350069437, -0.025012106247804183, -0.02369892949603094, 0.08012867653699408]], [[0.06584920011241961, 0.027030272347275227, 0.06400876077047774, 0.05816010535030708, -0.024853286725232588], [0.027030272347275227, 0.04842342342342342, 0.02703006650375071, 0.020020020020020016, -0.01502243350069437], [0.06400876077047774, 0.02703006650375071, 0.06320184532415514, 0.05354004476811494, -0.025012106247804183], [0.05816010535030708, 0.020020020020020016, 0.05354004476811494, 0.0661772883995106, -0.02369892949603094], [-0.024853286725232588, -0.01502243350069437, -0.025012106247804183, -0.02369892949603094, 0.08012867653699408]], [[0.06584920011241961, 0.027030272347275227, 0.06400876077047774, 0.05816010535030708, -0.024853286725232588], [0.027030272347275227, 0.04842342342342342, 0.02703006650375071, 0.020020020020020016, -0.01502243350069437], [0.06400876077047774, 0.02703006650375071, 0.06320184532415514, 0.05354004476811494, -0.025012106247804183], [0.05816010535030708, 0.020020020020020016, 0.05354004476811494, 0.0661772883995106, -0.02369892949603094], [-0.024853286725232588, -0.01502243350069437, -0.025012106247804183, -0.02369892949603094, 0.08012867653699408]], [[0.06584920011241961, 0.027030272347275227, 0.06400876077047774, 0.05816010535030708, -0.024853286725232588], [0.027030272347275227, 0.04842342342342342, 0.02703006650375071, 0.020020020020020016, -0.01502243350069437], [0.06400876077047774, 0.02703006650375071, 0.06320184532415514, 0.05354004476811494, -0.025012106247804183], [0.05816010535030708, 0.020020020020020016, 0.05354004476811494, 0.0661772883995106, -0.02369892949603094], [-0.024853286725232588, -0.01502243350069437, -0.025012106247804183, -0.02369892949603094, 0.08012867653699408]], [[0.06584920011241961, 0.027030272347275227, 0.06400876077047774, 0.05816010535030708, -0.024853286725232588], [0.027030272347275227, 0.04842342342342342, 0.02703006650375071, 0.020020020020020016, -0.01502243350069437], [0.06400876077047774, 0.02703006650375071, 0.06320184532415514, 0.05354004476811494, -0.025012106247804183], [0.05816010535030708, 0.020020020020020016, 0.05354004476811494, 0.0661772883995106, -0.02369892949603094], [-0.024853286725232588, -0.01502243350069437, -0.025012106247804183, -0.02369892949603094, 0.08012867653699408]], [[0.06584920011241961, 0.027030272347275227, 0.06400876077047774, 0.05816010535030708, -0.024853286725232588], [0.027030272347275227, 0.04842342342342342, 0.02703006650375071, 0.020020020020020016, -0.01502243350069437], [0.06400876077047774, 0.02703006650375071, 0.06320184532415514, 0.05354004476811494, -0.025012106247804183], [0.05816010535030708, 0.020020020020020016, 0.05354004476811494, 0.0661772883995106, -0.02369892949603094], [-0.024853286725232588, -0.01502243350069437, -0.025012106247804183, -0.02369892949603094, 0.08012867653699408]], [[0.06584920011241961, 0.027030272347275227, 0.06400876077047774, 0.05816010535030708, -0.024853286725232588], [0.027030272347275227, 0.04842342342342342, 0.02703006650375071, 0.020020020020020016, -0.01502243350069437], [0.06400876077047774, 0.02703006650375071, 0.06320184532415514, 0.05354004476811494, -0.025012106247804183], [0.05816010535030708, 0.020020020020020016, 0.05354004476811494, 0.0661772883995106, -0.02369892949603094], [-0.024853286725232588, -0.01502243350069437, -0.025012106247804183, -0.02369892949603094, 0.08012867653699408]], [[0.06584920011241961, 0.027030272347275227, 0.06400876077047774, 0.05816010535030708, -0.024853286725232588], [0.027030272347275227, 0.04842342342342342, 0.02703006650375071, 0.020020020020020016, -0.01502243350069437], [0.06400876077047774, 0.02703006650375071, 0.06320184532415514, 0.05354004476811494, -0.025012106247804183], [0.05816010535030708, 0.020020020020020016, 0.05354004476811494, 0.0661772883995106, -0.02369892949603094], [-0.024853286725232588, -0.01502243350069437, -0.025012106247804183, -0.02369892949603094, 0.08012867653699408]], [[0.06584920011241961, 0.027030272347275227, 0.06400876077047774, 0.05816010535030708, -0.024853286725232588], [0.027030272347275227, 0.04842342342342342, 0.02703006650375071, 0.020020020020020016, -0.01502243350069437], [0.06400876077047774, 0.02703006650375071, 0.06320184532415514, 0.05354004476811494, -0.025012106247804183], [0.05816010535030708, 0.020020020020020016, 0.05354004476811494, 0.0661772883995106, -0.02369892949603094], [-0.024853286725232588, -0.01502243350069437, -0.025012106247804183, -0.02369892949603094, 0.08012867653699408]], [[0.06584920011241961, 0.027030272347275227, 0.06400876077047774, 0.05816010535030708, -0.024853286725232588], [0.027030272347275227, 0.04842342342342342, 0.02703006650375071, 0.020020020020020016, -0.01502243350069437], [0.06400876077047774, 0.02703006650375071, 0.06320184532415514, 0.05354004476811494, -0.025012106247804183], [0.05816010535030708, 0.020020020020020016, 0.05354004476811494, 0.0661772883995106, -0.02369892949603094], [-0.024853286725232588, -0.01502243350069437, -0.025012106247804183, -0.02369892949603094, 0.08012867653699408]], [[0.06584920011241961, 0.027030272347275227, 0.06400876077047774, 0.05816010535030708, -0.024853286725232588], [0.027030272347275227, 0.04842342342342342, 0.02703006650375071, 0.020020020020020016, -0.01502243350069437], [0.06400876077047774, 0.02703006650375071, 0.06320184532415514, 0.05354004476811494, -0.025012106247804183], [0.05816010535030708, 0.020020020020020016, 0.05354004476811494, 0.0661772883995106, -0.02369892949603094], [-0.024853286725232588, -0.01502243350069437, -0.025012106247804183, -0.02369892949603094, 0.08012867653699408]], [[0.06584920011241961, 0.027030272347275227, 0.06400876077047774, 0.05816010535030708, -0.024853286725232588], [0.027030272347275227, 0.04842342342342342, 0.02703006650375071, 0.020020020020020016, -0.01502243350069437], [0.06400876077047774, 0.02703006650375071, 0.06320184532415514, 0.05354004476811494, -0.025012106247804183], [0.05816010535030708, 0.020020020020020016, 0.05354004476811494, 0.0661772883995106, -0.02369892949603094], [-0.024853286725232588, -0.01502243350069437, -0.025012106247804183, -0.02369892949603094, 0.08012867653699408]], [[0.06584920011241961, 0.027030272347275227, 0.06400876077047774, 0.05816010535030708, -0.024853286725232588], [0.027030272347275227, 0.04842342342342342, 0.02703006650375071, 0.020020020020020016, -0.01502243350069437], [0.06400876077047774, 0.02703006650375071, 0.06320184532415514, 0.05354004476811494, -0.025012106247804183], [0.05816010535030708, 0.020020020020020016, 0.05354004476811494, 0.0661772883995106, -0.02369892949603094], [-0.024853286725232588, -0.01502243350069437, -0.025012106247804183, -0.02369892949603094, 0.08012867653699408]], [[0.06584920011241961, 0.027030272347275227, 0.06400876077047774, 0.05816010535030708, -0.024853286725232588], [0.027030272347275227, 0.04842342342342342, 0.02703006650375071, 0.020020020020020016, -0.01502243350069437], [0.06400876077047774, 0.02703006650375071, 0.06320184532415514, 0.05354004476811494, -0.025012106247804183], [0.05816010535030708, 0.020020020020020016, 0.05354004476811494, 0.0661772883995106, -0.02369892949603094], [-0.024853286725232588, -0.01502243350069437, -0.025012106247804183, -0.02369892949603094, 0.08012867653699408]], [[0.06584920011241961, 0.027030272347275227, 0.06400876077047774, 0.05816010535030708, -0.024853286725232588], [0.027030272347275227, 0.04842342342342342, 0.02703006650375071, 0.020020020020020016, -0.01502243350069437], [0.06400876077047774, 0.02703006650375071, 0.06320184532415514, 0.05354004476811494, -0.025012106247804183], [0.05816010535030708, 0.020020020020020016, 0.05354004476811494, 0.0661772883995106, -0.02369892949603094], [-0.024853286725232588, -0.01502243350069437, -0.025012106247804183, -0.02369892949603094, 0.08012867653699408]], [[0.06584920011241961, 0.027030272347275227, 0.06400876077047774, 0.05816010535030708, -0.024853286725232588], [0.027030272347275227, 0.04842342342342342, 0.02703006650375071, 0.020020020020020016, -0.01502243350069437], [0.06400876077047774, 0.02703006650375071, 0.06320184532415514, 0.05354004476811494, -0.025012106247804183], [0.05816010535030708, 0.020020020020020016, 0.05354004476811494, 0.0661772883995106, -0.02369892949603094], [-0.024853286725232588, -0.01502243350069437, -0.025012106247804183, -0.02369892949603094, 0.08012867653699408]], [[0.06584920011241961, 0.027030272347275227, 0.06400876077047774, 0.05816010535030708, -0.024853286725232588], [0.027030272347275227, 0.04842342342342342, 0.02703006650375071, 0.020020020020020016, -0.01502243350069437], [0.06400876077047774, 0.02703006650375071, 0.06320184532415514, 0.05354004476811494, -0.025012106247804183], [0.05816010535030708, 0.020020020020020016, 0.05354004476811494, 0.0661772883995106, -0.02369892949603094], [-0.024853286725232588, -0.01502243350069437, -0.025012106247804183, -0.02369892949603094, 0.08012867653699408]], [[0.06584920011241961, 0.027030272347275227, 0.06400876077047774, 0.05816010535030708, -0.024853286725232588], [0.027030272347275227, 0.04842342342342342, 0.02703006650375071, 0.020020020020020016, -0.01502243350069437], [0.06400876077047774, 0.02703006650375071, 0.06320184532415514, 0.05354004476811494, -0.025012106247804183], [0.05816010535030708, 0.020020020020020016, 0.05354004476811494, 0.0661772883995106, -0.02369892949603094], [-0.024853286725232588, -0.01502243350069437, -0.025012106247804183, -0.02369892949603094, 0.08012867653699408]], [[0.06584920011241961, 0.027030272347275227, 0.06400876077047774, 0.05816010535030708, -0.024853286725232588], [0.027030272347275227, 0.04842342342342342, 0.02703006650375071, 0.020020020020020016, -0.01502243350069437], [0.06400876077047774, 0.02703006650375071, 0.06320184532415514, 0.05354004476811494, -0.025012106247804183], [0.05816010535030708, 0.020020020020020016, 0.05354004476811494, 0.0661772883995106, -0.02369892949603094], [-0.024853286725232588, -0.01502243350069437, -0.025012106247804183, -0.02369892949603094, 0.08012867653699408]], [[0.06584920011241961, 0.027030272347275227, 0.06400876077047774, 0.05816010535030708, -0.024853286725232588], [0.027030272347275227, 0.04842342342342342, 0.02703006650375071, 0.020020020020020016, -0.01502243350069437], [0.06400876077047774, 0.02703006650375071, 0.06320184532415514, 0.05354004476811494, -0.025012106247804183], [0.05816010535030708, 0.020020020020020016, 0.05354004476811494, 0.0661772883995106, -0.02369892949603094], [-0.024853286725232588, -0.01502243350069437, -0.025012106247804183, -0.02369892949603094, 0.08012867653699408]], [[0.06584920011241961, 0.027030272347275227, 0.06400876077047774, 0.05816010535030708, -0.024853286725232588], [0.027030272347275227, 0.04842342342342342, 0.02703006650375071, 0.020020020020020016, -0.01502243350069437], [0.06400876077047774, 0.02703006650375071, 0.06320184532415514, 0.05354004476811494, -0.025012106247804183], [0.05816010535030708, 0.020020020020020016, 0.05354004476811494, 0.0661772883995106, -0.02369892949603094], [-0.024853286725232588, -0.01502243350069437, -0.025012106247804183, -0.02369892949603094, 0.08012867653699408]], [[0.06584920011241961, 0.027030272347275227, 0.06400876077047774, 0.05816010535030708, -0.024853286725232588], [0.027030272347275227, 0.04842342342342342, 0.02703006650375071, 0.020020020020020016, -0.01502243350069437], [0.06400876077047774, 0.02703006650375071, 0.06320184532415514, 0.05354004476811494, -0.025012106247804183], [0.05816010535030708, 0.020020020020020016, 0.05354004476811494, 0.0661772883995106, -0.02369892949603094], [-0.024853286725232588, -0.01502243350069437, -0.025012106247804183, -0.02369892949603094, 0.08012867653699408]], [[0.06584920011241961, 0.027030272347275227, 0.06400876077047774, 0.05816010535030708, -0.024853286725232588], [0.027030272347275227, 0.04842342342342342, 0.02703006650375071, 0.020020020020020016, -0.01502243350069437], [0.06400876077047774, 0.02703006650375071, 0.06320184532415514, 0.05354004476811494, -0.025012106247804183], [0.05816010535030708, 0.020020020020020016, 0.05354004476811494, 0.0661772883995106, -0.02369892949603094], [-0.024853286725232588, -0.01502243350069437, -0.025012106247804183, -0.02369892949603094, 0.08012867653699408]], [[0.06584920011241961, 0.027030272347275227, 0.06400876077047774, 0.05816010535030708, -0.024853286725232588], [0.027030272347275227, 0.04842342342342342, 0.02703006650375071, 0.020020020020020016, -0.01502243350069437], [0.06400876077047774, 0.02703006650375071, 0.06320184532415514, 0.05354004476811494, -0.025012106247804183], [0.05816010535030708, 0.020020020020020016, 0.05354004476811494, 0.0661772883995106, -0.02369892949603094], [-0.024853286725232588, -0.01502243350069437, -0.025012106247804183, -0.02369892949603094, 0.08012867653699408]], [[0.06584920011241961, 0.027030272347275227, 0.06400876077047774, 0.05816010535030708, -0.024853286725232588], [0.027030272347275227, 0.04842342342342342, 0.02703006650375071, 0.020020020020020016, -0.01502243350069437], [0.06400876077047774, 0.02703006650375071, 0.06320184532415514, 0.05354004476811494, -0.025012106247804183], [0.05816010535030708, 0.020020020020020016, 0.05354004476811494, 0.0661772883995106, -0.02369892949603094], [-0.024853286725232588, -0.01502243350069437, -0.025012106247804183, -0.02369892949603094, 0.08012867653699408]], [[0.06584920011241961, 0.027030272347275227, 0.06400876077047774, 0.05816010535030708, -0.024853286725232588], [0.027030272347275227, 0.04842342342342342, 0.02703006650375071, 0.020020020020020016, -0.01502243350069437], [0.06400876077047774, 0.02703006650375071, 0.06320184532415514, 0.05354004476811494, -0.025012106247804183], [0.05816010535030708, 0.020020020020020016, 0.05354004476811494, 0.0661772883995106, -0.02369892949603094], [-0.024853286725232588, -0.01502243350069437, -0.025012106247804183, -0.02369892949603094, 0.08012867653699408]], [[0.06584920011241961, 0.027030272347275227, 0.06400876077047774, 0.05816010535030708, -0.024853286725232588], [0.027030272347275227, 0.04842342342342342, 0.02703006650375071, 0.020020020020020016, -0.01502243350069437], [0.06400876077047774, 0.02703006650375071, 0.06320184532415514, 0.05354004476811494, -0.025012106247804183], [0.05816010535030708, 0.020020020020020016, 0.05354004476811494, 0.0661772883995106, -0.02369892949603094], [-0.024853286725232588, -0.01502243350069437, -0.025012106247804183, -0.02369892949603094, 0.08012867653699408]], [[0.06584920011241961, 0.027030272347275227, 0.06400876077047774, 0.05816010535030708, -0.024853286725232588], [0.027030272347275227, 0.04842342342342342, 0.02703006650375071, 0.020020020020020016, -0.01502243350069437], [0.06400876077047774, 0.02703006650375071, 0.06320184532415514, 0.05354004476811494, -0.025012106247804183], [0.05816010535030708, 0.020020020020020016, 0.05354004476811494, 0.0661772883995106, -0.02369892949603094], [-0.024853286725232588, -0.01502243350069437, -0.025012106247804183, -0.02369892949603094, 0.08012867653699408]], [[0.06584920011241961, 0.027030272347275227, 0.06400876077047774, 0.05816010535030708, -0.024853286725232588], [0.027030272347275227, 0.04842342342342342, 0.02703006650375071, 0.020020020020020016, -0.01502243350069437], [0.06400876077047774, 0.02703006650375071, 0.06320184532415514, 0.05354004476811494, -0.025012106247804183], [0.05816010535030708, 0.020020020020020016, 0.05354004476811494, 0.0661772883995106, -0.02369892949603094], [-0.024853286725232588, -0.01502243350069437, -0.025012106247804183, -0.02369892949603094, 0.08012867653699408]], [[0.06584920011241961, 0.027030272347275227, 0.06400876077047774, 0.05816010535030708, -0.024853286725232588], [0.027030272347275227, 0.04842342342342342, 0.02703006650375071, 0.020020020020020016, -0.01502243350069437], [0.06400876077047774, 0.02703006650375071, 0.06320184532415514, 0.05354004476811494, -0.025012106247804183], [0.05816010535030708, 0.020020020020020016, 0.05354004476811494, 0.0661772883995106, -0.02369892949603094], [-0.024853286725232588, -0.01502243350069437, -0.025012106247804183, -0.02369892949603094, 0.08012867653699408]], [[0.06584920011241961, 0.027030272347275227, 0.06400876077047774, 0.05816010535030708, -0.024853286725232588], [0.027030272347275227, 0.04842342342342342, 0.02703006650375071, 0.020020020020020016, -0.01502243350069437], [0.06400876077047774, 0.02703006650375071, 0.06320184532415514, 0.05354004476811494, -0.025012106247804183], [0.05816010535030708, 0.020020020020020016, 0.05354004476811494, 0.0661772883995106, -0.02369892949603094], [-0.024853286725232588, -0.01502243350069437, -0.025012106247804183, -0.02369892949603094, 0.08012867653699408]], [[0.06584920011241961, 0.027030272347275227, 0.06400876077047774, 0.05816010535030708, -0.024853286725232588], [0.027030272347275227, 0.04842342342342342, 0.02703006650375071, 0.020020020020020016, -0.01502243350069437], [0.06400876077047774, 0.02703006650375071, 0.06320184532415514, 0.05354004476811494, -0.025012106247804183], [0.05816010535030708, 0.020020020020020016, 0.05354004476811494, 0.0661772883995106, -0.02369892949603094], [-0.024853286725232588, -0.01502243350069437, -0.025012106247804183, -0.02369892949603094, 0.08012867653699408]], [[0.06584920011241961, 0.027030272347275227, 0.06400876077047774, 0.05816010535030708, -0.024853286725232588], [0.027030272347275227, 0.04842342342342342, 0.02703006650375071, 0.020020020020020016, -0.01502243350069437], [0.06400876077047774, 0.02703006650375071, 0.06320184532415514, 0.05354004476811494, -0.025012106247804183], [0.05816010535030708, 0.020020020020020016, 0.05354004476811494, 0.0661772883995106, -0.02369892949603094], [-0.024853286725232588, -0.01502243350069437, -0.025012106247804183, -0.02369892949603094, 0.08012867653699408]], [[0.06584920011241961, 0.027030272347275227, 0.06400876077047774, 0.05816010535030708, -0.024853286725232588], [0.027030272347275227, 0.04842342342342342, 0.02703006650375071, 0.020020020020020016, -0.01502243350069437], [0.06400876077047774, 0.02703006650375071, 0.06320184532415514, 0.05354004476811494, -0.025012106247804183], [0.05816010535030708, 0.020020020020020016, 0.05354004476811494, 0.0661772883995106, -0.02369892949603094], [-0.024853286725232588, -0.01502243350069437, -0.025012106247804183, -0.02369892949603094, 0.08012867653699408]], [[0.06584920011241961, 0.027030272347275227, 0.06400876077047774, 0.05816010535030708, -0.024853286725232588], [0.027030272347275227, 0.04842342342342342, 0.02703006650375071, 0.020020020020020016, -0.01502243350069437], [0.06400876077047774, 0.02703006650375071, 0.06320184532415514, 0.05354004476811494, -0.025012106247804183], [0.05816010535030708, 0.020020020020020016, 0.05354004476811494, 0.0661772883995106, -0.02369892949603094], [-0.024853286725232588, -0.01502243350069437, -0.025012106247804183, -0.02369892949603094, 0.08012867653699408]], [[0.06584920011241961, 0.027030272347275227, 0.06400876077047774, 0.05816010535030708, -0.024853286725232588], [0.027030272347275227, 0.04842342342342342, 0.02703006650375071, 0.020020020020020016, -0.01502243350069437], [0.06400876077047774, 0.02703006650375071, 0.06320184532415514, 0.05354004476811494, -0.025012106247804183], [0.05816010535030708, 0.020020020020020016, 0.05354004476811494, 0.0661772883995106, -0.02369892949603094], [-0.024853286725232588, -0.01502243350069437, -0.025012106247804183, -0.02369892949603094, 0.08012867653699408]], [[0.06584920011241961, 0.027030272347275227, 0.06400876077047774, 0.05816010535030708, -0.024853286725232588], [0.027030272347275227, 0.04842342342342342, 0.02703006650375071, 0.020020020020020016, -0.01502243350069437], [0.06400876077047774, 0.02703006650375071, 0.06320184532415514, 0.05354004476811494, -0.025012106247804183], [0.05816010535030708, 0.020020020020020016, 0.05354004476811494, 0.0661772883995106, -0.02369892949603094], [-0.024853286725232588, -0.01502243350069437, -0.025012106247804183, -0.02369892949603094, 0.08012867653699408]], [[0.06584920011241961, 0.027030272347275227, 0.06400876077047774, 0.05816010535030708, -0.024853286725232588], [0.027030272347275227, 0.04842342342342342, 0.02703006650375071, 0.020020020020020016, -0.01502243350069437], [0.06400876077047774, 0.02703006650375071, 0.06320184532415514, 0.05354004476811494, -0.025012106247804183], [0.05816010535030708, 0.020020020020020016, 0.05354004476811494, 0.0661772883995106, -0.02369892949603094], [-0.024853286725232588, -0.01502243350069437, -0.025012106247804183, -0.02369892949603094, 0.08012867653699408]], [[0.06584920011241961, 0.027030272347275227, 0.06400876077047774, 0.05816010535030708, -0.024853286725232588], [0.027030272347275227, 0.04842342342342342, 0.02703006650375071, 0.020020020020020016, -0.01502243350069437], [0.06400876077047774, 0.02703006650375071, 0.06320184532415514, 0.05354004476811494, -0.025012106247804183], [0.05816010535030708, 0.020020020020020016, 0.05354004476811494, 0.0661772883995106, -0.02369892949603094], [-0.024853286725232588, -0.01502243350069437, -0.025012106247804183, -0.02369892949603094, 0.08012867653699408]], [[0.06584920011241961, 0.027030272347275227, 0.06400876077047774, 0.05816010535030708, -0.024853286725232588], [0.027030272347275227, 0.04842342342342342, 0.02703006650375071, 0.020020020020020016, -0.01502243350069437], [0.06400876077047774, 0.02703006650375071, 0.06320184532415514, 0.05354004476811494, -0.025012106247804183], [0.05816010535030708, 0.020020020020020016, 0.05354004476811494, 0.0661772883995106, -0.02369892949603094], [-0.024853286725232588, -0.01502243350069437, -0.025012106247804183, -0.02369892949603094, 0.08012867653699408]], [[0.06584920011241961, 0.027030272347275227, 0.06400876077047774, 0.05816010535030708, -0.024853286725232588], [0.027030272347275227, 0.04842342342342342, 0.02703006650375071, 0.020020020020020016, -0.01502243350069437], [0.06400876077047774, 0.02703006650375071, 0.06320184532415514, 0.05354004476811494, -0.025012106247804183], [0.05816010535030708, 0.020020020020020016, 0.05354004476811494, 0.0661772883995106, -0.02369892949603094], [-0.024853286725232588, -0.01502243350069437, -0.025012106247804183, -0.02369892949603094, 0.08012867653699408]], [[0.06584920011241961, 0.027030272347275227, 0.06400876077047774, 0.05816010535030708, -0.024853286725232588], [0.027030272347275227, 0.04842342342342342, 0.02703006650375071, 0.020020020020020016, -0.01502243350069437], [0.06400876077047774, 0.02703006650375071, 0.06320184532415514, 0.05354004476811494, -0.025012106247804183], [0.05816010535030708, 0.020020020020020016, 0.05354004476811494, 0.0661772883995106, -0.02369892949603094], [-0.024853286725232588, -0.01502243350069437, -0.025012106247804183, -0.02369892949603094, 0.08012867653699408]], [[0.06584920011241961, 0.027030272347275227, 0.06400876077047774, 0.05816010535030708, -0.024853286725232588], [0.027030272347275227, 0.04842342342342342, 0.02703006650375071, 0.020020020020020016, -0.01502243350069437], [0.06400876077047774, 0.02703006650375071, 0.06320184532415514, 0.05354004476811494, -0.025012106247804183], [0.05816010535030708, 0.020020020020020016, 0.05354004476811494, 0.0661772883995106, -0.02369892949603094], [-0.024853286725232588, -0.01502243350069437, -0.025012106247804183, -0.02369892949603094, 0.08012867653699408]], [[0.06584920011241961, 0.027030272347275227, 0.06400876077047774, 0.05816010535030708, -0.024853286725232588], [0.027030272347275227, 0.04842342342342342, 0.02703006650375071, 0.020020020020020016, -0.01502243350069437], [0.06400876077047774, 0.02703006650375071, 0.06320184532415514, 0.05354004476811494, -0.025012106247804183], [0.05816010535030708, 0.020020020020020016, 0.05354004476811494, 0.0661772883995106, -0.02369892949603094], [-0.024853286725232588, -0.01502243350069437, -0.025012106247804183, -0.02369892949603094, 0.08012867653699408]], [[0.06584920011241961, 0.027030272347275227, 0.06400876077047774, 0.05816010535030708, -0.024853286725232588], [0.027030272347275227, 0.04842342342342342, 0.02703006650375071, 0.020020020020020016, -0.01502243350069437], [0.06400876077047774, 0.0270300665