{
 "cells": [
  {
   "cell_type": "code",
   "execution_count": 11,
   "metadata": {},
   "outputs": [],
   "source": [
    "import pandas as pd\n",
    "import seaborn as sns\n",
    "from sklearn.preprocessing import MinMaxScaler\n",
    "import numpy as np\n",
    "import itertools\n",
    "import json"
   ]
  },
  {
   "cell_type": "code",
   "execution_count": 5,
   "metadata": {},
   "outputs": [],
   "source": [
    "\n",
    "\n",
    "df = pd.read_csv(\"./data/clean0121.csv\", index_col=0)\n",
    "df.drop([\"date\"], axis=1, inplace=True)\n",
    "# find solar,winds  columns\n",
    "solar_columns = df.filter(like=\"solar.1\")\n",
    "wind_columns = df.filter(like=\"wind\")\n",
    "\n",
    "# concat dataframe\n",
    "df = pd.concat([solar_columns, wind_columns], axis=1)\n",
    "\n",
    "# MinMax scale by column wise\n",
    "scaler = MinMaxScaler()\n",
    "df_normalized = pd.DataFrame(scaler.fit_transform(df), columns=df.columns)"
   ]
  },
  {
   "cell_type": "code",
   "execution_count": null,
   "metadata": {},
   "outputs": [
    {
     "name": "stdout",
     "output_type": "stream",
     "text": [
      "[array([[ 0.0658492 ,  0.02703027,  0.06400876,  0.05816011,  0.05875773,\n",
      "         0.05673653,  0.06828587,  0.06084816, -0.02485329],\n",
      "       [ 0.02703027,  0.04842342,  0.02703007,  0.02002002,  0.02451201,\n",
      "         0.03483483,  0.01450061,  0.02673911, -0.01502243],\n",
      "       [ 0.06400876,  0.02703007,  0.06320185,  0.05354004,  0.05535015,\n",
      "         0.05346257,  0.06397795,  0.05735259, -0.02501211],\n",
      "       [ 0.05816011,  0.02002002,  0.05354004,  0.06617729,  0.05560143,\n",
      "         0.05388305,  0.06820864,  0.05856058, -0.02369893],\n",
      "       [ 0.05875773,  0.02451201,  0.05535015,  0.05560143,  0.05976456,\n",
      "         0.05223724,  0.05951229,  0.05849714, -0.01384972],\n",
      "       [ 0.05673653,  0.03483483,  0.05346257,  0.05388305,  0.05223724,\n",
      "         0.07187688,  0.0515877 ,  0.05623759, -0.03354253],\n",
      "       [ 0.06828587,  0.01450061,  0.06397795,  0.06820864,  0.05951229,\n",
      "         0.0515877 ,  0.0960858 ,  0.06616896, -0.02417679],\n",
      "       [ 0.06084816,  0.02673911,  0.05735259,  0.05856058,  0.05849714,\n",
      "         0.05623759,  0.06616896,  0.0685033 , -0.03312384],\n",
      "       [-0.02485329, -0.01502243, -0.02501211, -0.02369893, -0.01384972,\n",
      "        -0.03354253, -0.02417679, -0.03312384,  0.08012868]]), array([[ 0.0658492 ,  0.02703027,  0.06400876,  0.05816011,  0.05875773,\n",
      "         0.05673653,  0.06828587,  0.09492345, -0.02485329],\n",
      "       [ 0.02703027,  0.04842342,  0.02703007,  0.02002002,  0.02451201,\n",
      "         0.03483483,  0.01450061,  0.04654655, -0.01502243],\n",
      "       [ 0.06400876,  0.02703007,  0.06320185,  0.05354004,  0.05535015,\n",
      "         0.05346257,  0.06397795,  0.09220253, -0.02501211],\n",
      "       [ 0.05816011,  0.02002002,  0.05354004,  0.06617729,  0.05560143,\n",
      "         0.05388305,  0.06820864,  0.08596096, -0.02369893],\n",
      "       [ 0.05875773,  0.02451201,  0.05535015,  0.05560143,  0.05976456,\n",
      "         0.05223724,  0.05951229,  0.08046547, -0.01384972],\n",
      "       [ 0.05673653,  0.03483483,  0.05346257,  0.05388305,  0.05223724,\n",
      "         0.07187688,  0.0515877 ,  0.10957207, -0.03354253],\n",
      "       [ 0.06828587,  0.01450061,  0.06397795,  0.06820864,  0.05951229,\n",
      "         0.0515877 ,  0.0960858 ,  0.08388945, -0.02417679],\n",
      "       [ 0.09492345,  0.04654655,  0.09220253,  0.08596096,  0.08046547,\n",
      "         0.10957207,  0.08388945,  0.23423423, -0.06516991],\n",
      "       [-0.02485329, -0.01502243, -0.02501211, -0.02369893, -0.01384972,\n",
      "        -0.03354253, -0.02417679, -0.06516991,  0.08012868]]), array([[ 0.0658492 ,  0.02703027,  0.06400876,  0.05816011,  0.05875773,\n",
      "         0.05673653,  0.06828587,  0.05564055, -0.02485329],\n",
      "       [ 0.02703027,  0.04842342,  0.02703007,  0.02002002,  0.02451201,\n",
      "         0.03483483,  0.01450061,  0.01739916, -0.01502243],\n",
      "       [ 0.06400876,  0.02703007,  0.06320185,  0.05354004,  0.05535015,\n",
      "         0.05346257,  0.06397795,  0.05206674, -0.02501211],\n",
      "       [ 0.05816011,  0.02002002,  0.05354004,  0.06617729,  0.05560143,\n",
      "         0.05388305,  0.06820864,  0.05458386, -0.02369893],\n",
      "       [ 0.05875773,  0.02451201,  0.05535015,  0.05560143,  0.05976456,\n",
      "         0.05223724,  0.05951229,  0.05277534, -0.01384972],\n",
      "       [ 0.05673653,  0.03483483,  0.05346257,  0.05388305,  0.05223724,\n",
      "         0.07187688,  0.0515877 ,  0.04716186, -0.03354253],\n",
      "       [ 0.06828587,  0.01450061,  0.06397795,  0.06820864,  0.05951229,\n",
      "         0.0515877 ,  0.0960858 ,  0.06816095, -0.02417679],\n",
      "       [ 0.05564055,  0.01739916,  0.05206674,  0.05458386,  0.05277534,\n",
      "         0.04716186,  0.06816095,  0.0650039 , -0.02534175],\n",
      "       [-0.02485329, -0.01502243, -0.02501211, -0.02369893, -0.01384972,\n",
      "        -0.03354253, -0.02417679, -0.02534175,  0.08012868]]), array([[ 0.0658492 ,  0.02703027,  0.06400876,  0.05816011,  0.05875773,\n",
      "         0.05673653,  0.06828587,  0.06161418, -0.02485329],\n",
      "       [ 0.02703027,  0.04842342,  0.02703007,  0.02002002,  0.02451201,\n",
      "         0.03483483,  0.01450061,  0.03530305, -0.01502243],\n",
      "       [ 0.06400876,  0.02703007,  0.06320185,  0.05354004,  0.05535015,\n",
      "         0.05346257,  0.06397795,  0.05851406, -0.02501211],\n",
      "       [ 0.05816011,  0.02002002,  0.05354004,  0.06617729,  0.05560143,\n",
      "         0.05388305,  0.06820864,  0.05806516, -0.02369893],\n",
      "       [ 0.05875773,  0.02451201,  0.05535015,  0.05560143,  0.05976456,\n",
      "         0.05223724,  0.05951229,  0.0600827 , -0.01384972],\n",
      "       [ 0.05673653,  0.03483483,  0.05346257,  0.05388305,  0.05223724,\n",
      "         0.07187688,  0.0515877 ,  0.06193682, -0.03354253],\n",
      "       [ 0.06828587,  0.01450061,  0.06397795,  0.06820864,  0.05951229,\n",
      "         0.0515877 ,  0.0960858 ,  0.0580406 , -0.02417679],\n",
      "       [ 0.06161418,  0.03530305,  0.05851406,  0.05806516,  0.0600827 ,\n",
      "         0.06193682,  0.0580406 ,  0.07557566, -0.03926587],\n",
      "       [-0.02485329, -0.01502243, -0.02501211, -0.02369893, -0.01384972,\n",
      "        -0.03354253, -0.02417679, -0.03926587,  0.08012868]]), array([[ 0.0658492 ,  0.02703027,  0.06400876,  0.05816011,  0.05875773,\n",
      "         0.05673653,  0.06828587,  0.05483984, -0.02485329],\n",
      "       [ 0.02703027,  0.04842342,  0.02703007,  0.02002002,  0.02451201,\n",
      "         0.03483483,  0.01450061,  0.02650278, -0.01502243],\n",
      "       [ 0.06400876,  0.02703007,  0.06320185,  0.05354004,  0.05535015,\n",
      "         0.05346257,  0.06397795,  0.052368  , -0.02501211],\n",
      "       [ 0.05816011,  0.02002002,  0.05354004,  0.06617729,  0.05560143,\n",
      "         0.05388305,  0.06820864,  0.04987122, -0.02369893],\n",
      "       [ 0.05875773,  0.02451201,  0.05535015,  0.05560143,  0.05976456,\n",
      "         0.05223724,  0.05951229,  0.05528999, -0.01384972],\n",
      "       [ 0.05673653,  0.03483483,  0.05346257,  0.05388305,  0.05223724,\n",
      "         0.07187688,  0.0515877 ,  0.05007076, -0.03354253],\n",
      "       [ 0.06828587,  0.01450061,  0.06397795,  0.06820864,  0.05951229,\n",
      "         0.0515877 ,  0.0960858 ,  0.04982317, -0.02417679],\n",
      "       [ 0.05483984,  0.02650278,  0.052368  ,  0.04987122,  0.05528999,\n",
      "         0.05007076,  0.04982317,  0.06269418, -0.01536227],\n",
      "       [-0.02485329, -0.01502243, -0.02501211, -0.02369893, -0.01384972,\n",
      "        -0.03354253, -0.02417679, -0.01536227,  0.08012868]]), array([[ 0.0658492 ,  0.02703027,  0.06400876,  0.05816011,  0.05875773,\n",
      "         0.05673653,  0.06828587,  0.05459246, -0.02485329],\n",
      "       [ 0.02703027,  0.04842342,  0.02703007,  0.02002002,  0.02451201,\n",
      "         0.03483483,  0.01450061,  0.02814028, -0.01502243],\n",
      "       [ 0.06400876,  0.02703007,  0.06320185,  0.05354004,  0.05535015,\n",
      "         0.05346257,  0.06397795,  0.0519324 , -0.02501211],\n",
      "       [ 0.05816011,  0.02002002,  0.05354004,  0.06617729,  0.05560143,\n",
      "         0.05388305,  0.06820864,  0.05017917, -0.02369893],\n",
      "       [ 0.05875773,  0.02451201,  0.05535015,  0.05560143,  0.05976456,\n",
      "         0.05223724,  0.05951229,  0.05554573, -0.01384972],\n",
      "       [ 0.05673653,  0.03483483,  0.05346257,  0.05388305,  0.05223724,\n",
      "         0.07187688,  0.0515877 ,  0.0522001 , -0.03354253],\n",
      "       [ 0.06828587,  0.01450061,  0.06397795,  0.06820864,  0.05951229,\n",
      "         0.0515877 ,  0.0960858 ,  0.04812076, -0.02417679],\n",
      "       [ 0.05459246,  0.02814028,  0.0519324 ,  0.05017917,  0.05554573,\n",
      "         0.0522001 ,  0.04812076,  0.06514368, -0.01218054],\n",
      "       [-0.02485329, -0.01502243, -0.02501211, -0.02369893, -0.01384972,\n",
      "        -0.03354253, -0.02417679, -0.01218054,  0.08012868]]), array([[ 0.0658492 ,  0.02703027,  0.06400876,  0.05816011,  0.05875773,\n",
      "         0.05673653,  0.06828587,  0.05420501, -0.02485329],\n",
      "       [ 0.02703027,  0.04842342,  0.02703007,  0.02002002,  0.02451201,\n",
      "         0.03483483,  0.01450061,  0.0259153 , -0.01502243],\n",
      "       [ 0.06400876,  0.02703007,  0.06320185,  0.05354004,  0.05535015,\n",
      "         0.05346257,  0.06397795,  0.05253278, -0.02501211],\n",
      "       [ 0.05816011,  0.02002002,  0.05354004,  0.06617729,  0.05560143,\n",
      "         0.05388305,  0.06820864,  0.04651725, -0.02369893],\n",
      "       [ 0.05875773,  0.02451201,  0.05535015,  0.05560143,  0.05976456,\n",
      "         0.05223724,  0.05951229,  0.05325353, -0.01384972],\n",
      "       [ 0.05673653,  0.03483483,  0.05346257,  0.05388305,  0.05223724,\n",
      "         0.07187688,  0.0515877 ,  0.04898455, -0.03354253],\n",
      "       [ 0.06828587,  0.01450061,  0.06397795,  0.06820864,  0.05951229,\n",
      "         0.0515877 ,  0.0960858 ,  0.04726475, -0.02417679],\n",
      "       [ 0.05420501,  0.0259153 ,  0.05253278,  0.04651725,  0.05325353,\n",
      "         0.04898455,  0.04726475,  0.06223535, -0.01889308],\n",
      "       [-0.02485329, -0.01502243, -0.02501211, -0.02369893, -0.01384972,\n",
      "        -0.03354253, -0.02417679, -0.01889308,  0.08012868]]), array([[ 0.0658492 ,  0.02703027,  0.06400876,  0.05816011,  0.05875773,\n",
      "         0.05673653,  0.06828587,  0.04613199, -0.02485329],\n",
      "       [ 0.02703027,  0.04842342,  0.02703007,  0.02002002,  0.02451201,\n",
      "         0.03483483,  0.01450061,  0.02087348, -0.01502243],\n",
      "       [ 0.06400876,  0.02703007,  0.06320185,  0.05354004,  0.05535015,\n",
      "         0.05346257,  0.06397795,  0.0438503 , -0.02501211],\n",
      "       [ 0.05816011,  0.02002002,  0.05354004,  0.06617729,  0.05560143,\n",
      "         0.05388305,  0.06820864,  0.04276491, -0.02369893],\n",
      "       [ 0.05875773,  0.02451201,  0.05535015,  0.05560143,  0.05976456,\n",
      "         0.05223724,  0.05951229,  0.04798168, -0.01384972],\n",
      "       [ 0.05673653,  0.03483483,  0.05346257,  0.05388305,  0.05223724,\n",
      "         0.07187688,  0.0515877 ,  0.03739607, -0.03354253],\n",
      "       [ 0.06828587,  0.01450061,  0.06397795,  0.06820864,  0.05951229,\n",
      "         0.0515877 ,  0.0960858 ,  0.04417248, -0.02417679],\n",
      "       [ 0.04613199,  0.02087348,  0.0438503 ,  0.04276491,  0.04798168,\n",
      "         0.03739607,  0.04417248,  0.05077796, -0.01194535],\n",
      "       [-0.02485329, -0.01502243, -0.02501211, -0.02369893, -0.01384972,\n",
      "        -0.03354253, -0.02417679, -0.01194535,  0.08012868]]), array([[ 0.0658492 ,  0.02703027,  0.06400876,  0.05816011,  0.05875773,\n",
      "         0.05673653,  0.06828587,  0.05796534, -0.02485329],\n",
      "       [ 0.02703027,  0.04842342,  0.02703007,  0.02002002,  0.02451201,\n",
      "         0.03483483,  0.01450061,  0.02501651, -0.01502243],\n",
      "       [ 0.06400876,  0.02703007,  0.06320185,  0.05354004,  0.05535015,\n",
      "         0.05346257,  0.06397795,  0.0549475 , -0.02501211],\n",
      "       [ 0.05816011,  0.02002002,  0.05354004,  0.06617729,  0.05560143,\n",
      "         0.05388305,  0.06820864,  0.05403702, -0.02369893],\n",
      "       [ 0.05875773,  0.02451201,  0.05535015,  0.05560143,  0.05976456,\n",
      "         0.05223724,  0.05951229,  0.05944374, -0.01384972],\n",
      "       [ 0.05673653,  0.03483483,  0.05346257,  0.05388305,  0.05223724,\n",
      "         0.07187688,  0.0515877 ,  0.05154041, -0.03354253],\n",
      "       [ 0.06828587,  0.01450061,  0.06397795,  0.06820864,  0.05951229,\n",
      "         0.0515877 ,  0.0960858 ,  0.054655  , -0.02417679],\n",
      "       [ 0.05796534,  0.02501651,  0.0549475 ,  0.05403702,  0.05944374,\n",
      "         0.05154041,  0.054655  ,  0.07652155, -0.01670837],\n",
      "       [-0.02485329, -0.01502243, -0.02501211, -0.02369893, -0.01384972,\n",
      "        -0.03354253, -0.02417679, -0.01670837,  0.08012868]]), array([[ 0.0658492 ,  0.02703027,  0.06400876,  0.05816011,  0.05875773,\n",
      "         0.05673653,  0.06828587,  0.05719676, -0.02485329],\n",
      "       [ 0.02703027,  0.04842342,  0.02703007,  0.02002002,  0.02451201,\n",
      "         0.03483483,  0.01450061,  0.03769551, -0.01502243],\n",
      "       [ 0.06400876,  0.02703007,  0.06320185,  0.05354004,  0.05535015,\n",
      "         0.05346257,  0.06397795,  0.05467328, -0.02501211],\n",
      "       [ 0.05816011,  0.02002002,  0.05354004,  0.06617729,  0.05560143,\n",
      "         0.05388305,  0.06820864,  0.05199175, -0.02369893],\n",
      "       [ 0.05875773,  0.02451201,  0.05535015,  0.05560143,  0.05976456,\n",
      "         0.05223724,  0.05951229,  0.05554073, -0.01384972],\n",
      "       [ 0.05673653,  0.03483483,  0.05346257,  0.05388305,  0.05223724,\n",
      "         0.07187688,  0.0515877 ,  0.06319288, -0.03354253],\n",
      "       [ 0.06828587,  0.01450061,  0.06397795,  0.06820864,  0.05951229,\n",
      "         0.0515877 ,  0.0960858 ,  0.0481025 , -0.02417679],\n",
      "       [ 0.05719676,  0.03769551,  0.05467328,  0.05199175,  0.05554073,\n",
      "         0.06319288,  0.0481025 ,  0.07737881, -0.03273675],\n",
      "       [-0.02485329, -0.01502243, -0.02501211, -0.02369893, -0.01384972,\n",
      "        -0.03354253, -0.02417679, -0.03273675,  0.08012868]]), array([[ 0.0658492 ,  0.02703027,  0.06400876,  0.05816011,  0.05875773,\n",
      "         0.05673653,  0.06828587,  0.04592881, -0.02485329],\n",
      "       [ 0.02703027,  0.04842342,  0.02703007,  0.02002002,  0.02451201,\n",
      "         0.03483483,  0.01450061,  0.0360216 , -0.01502243],\n",
      "       [ 0.06400876,  0.02703007,  0.06320185,  0.05354004,  0.05535015,\n",
      "         0.05346257,  0.06397795,  0.04423058, -0.02501211],\n",
      "       [ 0.05816011,  0.02002002,  0.05354004,  0.06617729,  0.05560143,\n",
      "         0.05388305,  0.06820864,  0.04121349, -0.02369893],\n",
      "       [ 0.05875773,  0.02451201,  0.05535015,  0.05560143,  0.05976456,\n",
      "         0.05223724,  0.05951229,  0.04353863, -0.01384972],\n",
      "       [ 0.05673653,  0.03483483,  0.05346257,  0.05388305,  0.05223724,\n",
      "         0.07187688,  0.0515877 ,  0.05279943, -0.03354253],\n",
      "       [ 0.06828587,  0.01450061,  0.06397795,  0.06820864,  0.05951229,\n",
      "         0.0515877 ,  0.0960858 ,  0.0367392 , -0.02417679],\n",
      "       [ 0.04592881,  0.0360216 ,  0.04423058,  0.04121349,  0.04353863,\n",
      "         0.05279943,  0.0367392 ,  0.06166096, -0.03154083],\n",
      "       [-0.02485329, -0.01502243, -0.02501211, -0.02369893, -0.01384972,\n",
      "        -0.03354253, -0.02417679, -0.03154083,  0.08012868]]), array([[ 0.0658492 ,  0.02703027,  0.06400876,  0.05816011,  0.05875773,\n",
      "         0.05673653,  0.06828587,  0.06144191, -0.02485329],\n",
      "       [ 0.02703027,  0.04842342,  0.02703007,  0.02002002,  0.02451201,\n",
      "         0.03483483,  0.01450061,  0.0288223 , -0.01502243],\n",
      "       [ 0.06400876,  0.02703007,  0.06320185,  0.05354004,  0.05535015,\n",
      "         0.05346257,  0.06397795,  0.05940869, -0.02501211],\n",
      "       [ 0.05816011,  0.02002002,  0.05354004,  0.06617729,  0.05560143,\n",
      "         0.05388305,  0.06820864,  0.05558638, -0.02369893],\n",
      "       [ 0.05875773,  0.02451201,  0.05535015,  0.05560143,  0.05976456,\n",
      "         0.05223724,  0.05951229,  0.0568945 , -0.01384972],\n",
      "       [ 0.05673653,  0.03483483,  0.05346257,  0.05388305,  0.05223724,\n",
      "         0.07187688,  0.0515877 ,  0.06652304, -0.03354253],\n",
      "       [ 0.06828587,  0.01450061,  0.06397795,  0.06820864,  0.05951229,\n",
      "         0.0515877 ,  0.0960858 ,  0.05190517, -0.02417679],\n",
      "       [ 0.06144191,  0.0288223 ,  0.05940869,  0.05558638,  0.0568945 ,\n",
      "         0.06652304,  0.05190517,  0.08684086, -0.03337957],\n",
      "       [-0.02485329, -0.01502243, -0.02501211, -0.02369893, -0.01384972,\n",
      "        -0.03354253, -0.02417679, -0.03337957,  0.08012868]]), array([[ 0.0658492 ,  0.02703027,  0.06400876,  0.05816011,  0.05875773,\n",
      "         0.05673653,  0.06828587,  0.02045103, -0.02485329],\n",
      "       [ 0.02703027,  0.04842342,  0.02703007,  0.02002002,  0.02451201,\n",
      "         0.03483483,  0.01450061,  0.02109418, -0.01502243],\n",
      "       [ 0.06400876,  0.02703007,  0.06320185,  0.05354004,  0.05535015,\n",
      "         0.05346257,  0.06397795,  0.01852466, -0.02501211],\n",
      "       [ 0.05816011,  0.02002002,  0.05354004,  0.06617729,  0.05560143,\n",
      "         0.05388305,  0.06820864,  0.01741178, -0.02369893],\n",
      "       [ 0.05875773,  0.02451201,  0.05535015,  0.05560143,  0.05976456,\n",
      "         0.05223724,  0.05951229,  0.02555389, -0.01384972],\n",
      "       [ 0.05673653,  0.03483483,  0.05346257,  0.05388305,  0.05223724,\n",
      "         0.07187688,  0.0515877 ,  0.02362165, -0.03354253],\n",
      "       [ 0.06828587,  0.01450061,  0.06397795,  0.06820864,  0.05951229,\n",
      "         0.0515877 ,  0.0960858 ,  0.01460347, -0.02417679],\n",
      "       [ 0.02045103,  0.02109418,  0.01852466,  0.01741178,  0.02555389,\n",
      "         0.02362165,  0.01460347,  0.03743765,  0.01774099],\n",
      "       [-0.02485329, -0.01502243, -0.02501211, -0.02369893, -0.01384972,\n",
      "        -0.03354253, -0.02417679,  0.01774099,  0.08012868]]), array([[ 0.0658492 ,  0.02703027,  0.06400876,  0.05816011,  0.05875773,\n",
      "         0.05673653,  0.06828587,  0.01847774, -0.02485329],\n",
      "       [ 0.02703027,  0.04842342,  0.02703007,  0.02002002,  0.02451201,\n",
      "         0.03483483,  0.01450061,  0.01968321, -0.01502243],\n",
      "       [ 0.06400876,  0.02703007,  0.06320185,  0.05354004,  0.05535015,\n",
      "         0.05346257,  0.06397795,  0.01647828, -0.02501211],\n",
      "       [ 0.05816011,  0.02002002,  0.05354004,  0.06617729,  0.05560143,\n",
      "         0.05388305,  0.06820864,  0.0163278 , -0.02369893],\n",
      "       [ 0.05875773,  0.02451201,  0.05535015,  0.05560143,  0.05976456,\n",
      "         0.05223724,  0.05951229,  0.02402671, -0.01384972],\n",
      "       [ 0.05673653,  0.03483483,  0.05346257,  0.05388305,  0.05223724,\n",
      "         0.07187688,  0.0515877 ,  0.0225463 , -0.03354253],\n",
      "       [ 0.06828587,  0.01450061,  0.06397795,  0.06820864,  0.05951229,\n",
      "         0.0515877 ,  0.0960858 ,  0.01244004, -0.02417679],\n",
      "       [ 0.01847774,  0.01968321,  0.01647828,  0.0163278 ,  0.02402671,\n",
      "         0.0225463 ,  0.01244004,  0.03451232,  0.01991824],\n",
      "       [-0.02485329, -0.01502243, -0.02501211, -0.02369893, -0.01384972,\n",
      "        -0.03354253, -0.02417679,  0.01991824,  0.08012868]]), array([[ 0.0658492 ,  0.02703027,  0.06400876,  0.05816011,  0.05875773,\n",
      "         0.05673653,  0.06828587,  0.02626135, -0.02485329],\n",
      "       [ 0.02703027,  0.04842342,  0.02703007,  0.02002002,  0.02451201,\n",
      "         0.03483483,  0.01450061,  0.02749657, -0.01502243],\n",
      "       [ 0.06400876,  0.02703007,  0.06320185,  0.05354004,  0.05535015,\n",
      "         0.05346257,  0.06397795,  0.0247404 , -0.02501211],\n",
      "       [ 0.05816011,  0.02002002,  0.05354004,  0.06617729,  0.05560143,\n",
      "         0.05388305,  0.06820864,  0.02151244, -0.02369893],\n",
      "       [ 0.05875773,  0.02451201,  0.05535015,  0.05560143,  0.05976456,\n",
      "         0.05223724,  0.05951229,  0.03534647, -0.01384972],\n",
      "       [ 0.05673653,  0.03483483,  0.05346257,  0.05388305,  0.05223724,\n",
      "         0.07187688,  0.0515877 ,  0.02868045, -0.03354253],\n",
      "       [ 0.06828587,  0.01450061,  0.06397795,  0.06820864,  0.05951229,\n",
      "         0.0515877 ,  0.0960858 ,  0.00700436, -0.02417679],\n",
      "       [ 0.02626135,  0.02749657,  0.0247404 ,  0.02151244,  0.03534647,\n",
      "         0.02868045,  0.00700436,  0.07144299,  0.0164697 ],\n",
      "       [-0.02485329, -0.01502243, -0.02501211, -0.02369893, -0.01384972,\n",
      "        -0.03354253, -0.02417679,  0.0164697 ,  0.08012868]]), array([[ 0.0658492 ,  0.02703027,  0.06400876,  0.05816011,  0.05875773,\n",
      "         0.05673653,  0.06828587,  0.01270686, -0.02485329],\n",
      "       [ 0.02703027,  0.04842342,  0.02703007,  0.02002002,  0.02451201,\n",
      "         0.03483483,  0.01450061,  0.01217328, -0.01502243],\n",
      "       [ 0.06400876,  0.02703007,  0.06320185,  0.05354004,  0.05535015,\n",
      "         0.05346257,  0.06397795,  0.01357822, -0.02501211],\n",
      "       [ 0.05816011,  0.02002002,  0.05354004,  0.06617729,  0.05560143,\n",
      "         0.05388305,  0.06820864,  0.00489996, -0.02369893],\n",
      "       [ 0.05875773,  0.02451201,  0.05535015,  0.05560143,  0.05976456,\n",
      "         0.05223724,  0.05951229,  0.02024725, -0.01384972],\n",
      "       [ 0.05673653,  0.03483483,  0.05346257,  0.05388305,  0.05223724,\n",
      "         0.07187688,  0.0515877 ,  0.00410549, -0.03354253],\n",
      "       [ 0.06828587,  0.01450061,  0.06397795,  0.06820864,  0.05951229,\n",
      "         0.0515877 ,  0.0960858 , -0.00670073, -0.02417679],\n",
      "       [ 0.01270686,  0.01217328,  0.01357822,  0.00489996,  0.02024725,\n",
      "         0.00410549, -0.00670073,  0.09422361,  0.04044941],\n",
      "       [-0.02485329, -0.01502243, -0.02501211, -0.02369893, -0.01384972,\n",
      "        -0.03354253, -0.02417679,  0.04044941,  0.08012868]]), array([[ 0.0658492 ,  0.02703027,  0.06400876,  0.05816011,  0.05875773,\n",
      "         0.05673653,  0.06828587,  0.01262495, -0.02485329],\n",
      "       [ 0.02703027,  0.04842342,  0.02703007,  0.02002002,  0.02451201,\n",
      "         0.03483483,  0.01450061,  0.01838146, -0.01502243],\n",
      "       [ 0.06400876,  0.02703007,  0.06320185,  0.05354004,  0.05535015,\n",
      "         0.05346257,  0.06397795,  0.01038   , -0.02501211],\n",
      "       [ 0.05816011,  0.02002002,  0.05354004,  0.06617729,  0.05560143,\n",
      "         0.05388305,  0.06820864,  0.01209346, -0.02369893],\n",
      "       [ 0.05875773,  0.02451201,  0.05535015,  0.05560143,  0.05976456,\n",
      "         0.05223724,  0.05951229,  0.02286442, -0.01384972],\n",
      "       [ 0.05673653,  0.03483483,  0.05346257,  0.05388305,  0.05223724,\n",
      "         0.07187688,  0.0515877 ,  0.01202276, -0.03354253],\n",
      "       [ 0.06828587,  0.01450061,  0.06397795,  0.06820864,  0.05951229,\n",
      "         0.0515877 ,  0.0960858 ,  0.00555683, -0.02417679],\n",
      "       [ 0.01262495,  0.01838146,  0.01038   ,  0.01209346,  0.02286442,\n",
      "         0.01202276,  0.00555683,  0.05620316,  0.02639714],\n",
      "       [-0.02485329, -0.01502243, -0.02501211, -0.02369893, -0.01384972,\n",
      "        -0.03354253, -0.02417679,  0.02639714,  0.08012868]]), array([[ 0.0658492 ,  0.02703027,  0.06400876,  0.05816011,  0.05875773,\n",
      "         0.05673653,  0.06828587,  0.02165886, -0.02485329],\n",
      "       [ 0.02703027,  0.04842342,  0.02703007,  0.02002002,  0.02451201,\n",
      "         0.03483483,  0.01450061,  0.01785609, -0.01502243],\n",
      "       [ 0.06400876,  0.02703007,  0.06320185,  0.05354004,  0.05535015,\n",
      "         0.05346257,  0.06397795,  0.02066242, -0.02501211],\n",
      "       [ 0.05816011,  0.02002002,  0.05354004,  0.06617729,  0.05560143,\n",
      "         0.05388305,  0.06820864,  0.02006582, -0.02369893],\n",
      "       [ 0.05875773,  0.02451201,  0.05535015,  0.05560143,  0.05976456,\n",
      "         0.05223724,  0.05951229,  0.02292911, -0.01384972],\n",
      "       [ 0.05673653,  0.03483483,  0.05346257,  0.05388305,  0.05223724,\n",
      "         0.07187688,  0.0515877 ,  0.03443204, -0.03354253],\n",
      "       [ 0.06828587,  0.01450061,  0.06397795,  0.06820864,  0.05951229,\n",
      "         0.0515877 ,  0.0960858 ,  0.00628938, -0.02417679],\n",
      "       [ 0.02165886,  0.01785609,  0.02066242,  0.02006582,  0.02292911,\n",
      "         0.03443204,  0.00628938,  0.03919786, -0.0152998 ],\n",
      "       [-0.02485329, -0.01502243, -0.02501211, -0.02369893, -0.01384972,\n",
      "        -0.03354253, -0.02417679, -0.0152998 ,  0.08012868]]), array([[ 0.0658492 ,  0.02703027,  0.06400876,  0.05816011,  0.05875773,\n",
      "         0.05673653,  0.06828587,  0.02844804, -0.02485329],\n",
      "       [ 0.02703027,  0.04842342,  0.02703007,  0.02002002,  0.02451201,\n",
      "         0.03483483,  0.01450061,  0.02133938, -0.01502243],\n",
      "       [ 0.06400876,  0.02703007,  0.06320185,  0.05354004,  0.05535015,\n",
      "         0.05346257,  0.06397795,  0.02580497, -0.02501211],\n",
      "       [ 0.05816011,  0.02002002,  0.05354004,  0.06617729,  0.05560143,\n",
      "         0.05388305,  0.06820864,  0.02876928, -0.02369893],\n",
      "       [ 0.05875773,  0.02451201,  0.05535015,  0.05560143,  0.05976456,\n",
      "         0.05223724,  0.05951229,  0.03637315, -0.01384972],\n",
      "       [ 0.05673653,  0.03483483,  0.05346257,  0.05388305,  0.05223724,\n",
      "         0.07187688,  0.0515877 ,  0.02825943, -0.03354253],\n",
      "       [ 0.06828587,  0.01450061,  0.06397795,  0.06820864,  0.05951229,\n",
      "         0.0515877 ,  0.0960858 ,  0.01930013, -0.02417679],\n",
      "       [ 0.02844804,  0.02133938,  0.02580497,  0.02876928,  0.03637315,\n",
      "         0.02825943,  0.01930013,  0.05107816, -0.00141238],\n",
      "       [-0.02485329, -0.01502243, -0.02501211, -0.02369893, -0.01384972,\n",
      "        -0.03354253, -0.02417679, -0.00141238,  0.08012868]]), array([[ 0.0658492 ,  0.02703027,  0.06400876,  0.05816011,  0.05875773,\n",
      "         0.05673653,  0.06828587,  0.03015387, -0.02485329],\n",
      "       [ 0.02703027,  0.04842342,  0.02703007,  0.02002002,  0.02451201,\n",
      "         0.03483483,  0.01450061,  0.01519377, -0.01502243],\n",
      "       [ 0.06400876,  0.02703007,  0.06320185,  0.05354004,  0.05535015,\n",
      "         0.05346257,  0.06397795,  0.02948987, -0.02501211],\n",
      "       [ 0.05816011,  0.02002002,  0.05354004,  0.06617729,  0.05560143,\n",
      "         0.05388305,  0.06820864,  0.02182142, -0.02369893],\n",
      "       [ 0.05875773,  0.02451201,  0.05535015,  0.05560143,  0.05976456,\n",
      "         0.05223724,  0.05951229,  0.0274403 , -0.01384972],\n",
      "       [ 0.05673653,  0.03483483,  0.05346257,  0.05388305,  0.05223724,\n",
      "         0.07187688,  0.0515877 ,  0.03036787, -0.03354253],\n",
      "       [ 0.06828587,  0.01450061,  0.06397795,  0.06820864,  0.05951229,\n",
      "         0.0515877 ,  0.0960858 ,  0.02852191, -0.02417679],\n",
      "       [ 0.03015387,  0.01519377,  0.02948987,  0.02182142,  0.0274403 ,\n",
      "         0.03036787,  0.02852191,  0.04100359,  0.00384984],\n",
      "       [-0.02485329, -0.01502243, -0.02501211, -0.02369893, -0.01384972,\n",
      "        -0.03354253, -0.02417679,  0.00384984,  0.08012868]]), array([[ 0.0658492 ,  0.02703027,  0.06400876,  0.05816011,  0.05875773,\n",
      "         0.05673653,  0.06828587,  0.02184407, -0.02485329],\n",
      "       [ 0.02703027,  0.04842342,  0.02703007,  0.02002002,  0.02451201,\n",
      "         0.03483483,  0.01450061,  0.01548137, -0.01502243],\n",
      "       [ 0.06400876,  0.02703007,  0.06320185,  0.05354004,  0.05535015,\n",
      "         0.05346257,  0.06397795,  0.02137463, -0.02501211],\n",
      "       [ 0.05816011,  0.02002002,  0.05354004,  0.06617729,  0.05560143,\n",
      "         0.05388305,  0.06820864,  0.01640797, -0.02369893],\n",
      "       [ 0.05875773,  0.02451201,  0.05535015,  0.05560143,  0.05976456,\n",
      "         0.05223724,  0.05951229,  0.02618032, -0.01384972],\n",
      "       [ 0.05673653,  0.03483483,  0.05346257,  0.05388305,  0.05223724,\n",
      "         0.07187688,  0.0515877 ,  0.02083006, -0.03354253],\n",
      "       [ 0.06828587,  0.01450061,  0.06397795,  0.06820864,  0.05951229,\n",
      "         0.0515877 ,  0.0960858 ,  0.00806874, -0.02417679],\n",
      "       [ 0.02184407,  0.01548137,  0.02137463,  0.01640797,  0.02618032,\n",
      "         0.02083006,  0.00806874,  0.04554333,  0.02023499],\n",
      "       [-0.02485329, -0.01502243, -0.02501211, -0.02369893, -0.01384972,\n",
      "        -0.03354253, -0.02417679,  0.02023499,  0.08012868]]), array([[ 0.0658492 ,  0.02703027,  0.06400876,  0.05816011,  0.05875773,\n",
      "         0.05673653,  0.06828587, -0.00541953, -0.02485329],\n",
      "       [ 0.02703027,  0.04842342,  0.02703007,  0.02002002,  0.02451201,\n",
      "         0.03483483,  0.01450061, -0.00369233, -0.01502243],\n",
      "       [ 0.06400876,  0.02703007,  0.06320185,  0.05354004,  0.05535015,\n",
      "         0.05346257,  0.06397795, -0.00554909, -0.02501211],\n",
      "       [ 0.05816011,  0.02002002,  0.05354004,  0.06617729,  0.05560143,\n",
      "         0.05388305,  0.06820864, -0.00497315, -0.02369893],\n",
      "       [ 0.05875773,  0.02451201,  0.05535015,  0.05560143,  0.05976456,\n",
      "         0.05223724,  0.05951229, -0.00377177, -0.01384972],\n",
      "       [ 0.05673653,  0.03483483,  0.05346257,  0.05388305,  0.05223724,\n",
      "         0.07187688,  0.0515877 , -0.00202703, -0.03354253],\n",
      "       [ 0.06828587,  0.01450061,  0.06397795,  0.06820864,  0.05951229,\n",
      "         0.0515877 ,  0.0960858 , -0.00685837, -0.02417679],\n",
      "       [-0.00541953, -0.00369233, -0.00554909, -0.00497315, -0.00377177,\n",
      "        -0.00202703, -0.00685837,  0.03987789,  0.01097353],\n",
      "       [-0.02485329, -0.01502243, -0.02501211, -0.02369893, -0.01384972,\n",
      "        -0.03354253, -0.02417679,  0.01097353,  0.08012868]]), array([[ 0.0658492 ,  0.02703027,  0.06400876,  0.05816011,  0.05875773,\n",
      "         0.05673653,  0.06828587,  0.02004365, -0.02485329],\n",
      "       [ 0.02703027,  0.04842342,  0.02703007,  0.02002002,  0.02451201,\n",
      "         0.03483483,  0.01450061,  0.02707862, -0.01502243],\n",
      "       [ 0.06400876,  0.02703007,  0.06320185,  0.05354004,  0.05535015,\n",
      "         0.05346257,  0.06397795,  0.01984626, -0.02501211],\n",
      "       [ 0.05816011,  0.02002002,  0.05354004,  0.06617729,  0.05560143,\n",
      "         0.05388305,  0.06820864,  0.01447807, -0.02369893],\n",
      "       [ 0.05875773,  0.02451201,  0.05535015,  0.05560143,  0.05976456,\n",
      "         0.05223724,  0.05951229,  0.02519404, -0.01384972],\n",
      "       [ 0.05673653,  0.03483483,  0.05346257,  0.05388305,  0.05223724,\n",
      "         0.07187688,  0.0515877 ,  0.02649866, -0.03354253],\n",
      "       [ 0.06828587,  0.01450061,  0.06397795,  0.06820864,  0.05951229,\n",
      "         0.0515877 ,  0.0960858 , -0.00192163, -0.02417679],\n",
      "       [ 0.02004365,  0.02707862,  0.01984626,  0.01447807,  0.02519404,\n",
      "         0.02649866, -0.00192163,  0.05871367, -0.0080849 ],\n",
      "       [-0.02485329, -0.01502243, -0.02501211, -0.02369893, -0.01384972,\n",
      "        -0.03354253, -0.02417679, -0.0080849 ,  0.08012868]]), array([[ 0.0658492 ,  0.02703027,  0.06400876,  0.05816011,  0.05875773,\n",
      "         0.05673653,  0.06828587, -0.03602264, -0.02485329],\n",
      "       [ 0.02703027,  0.04842342,  0.02703007,  0.02002002,  0.02451201,\n",
      "         0.03483483,  0.01450061, -0.01099852, -0.01502243],\n",
      "       [ 0.06400876,  0.02703007,  0.06320185,  0.05354004,  0.05535015,\n",
      "         0.05346257,  0.06397795, -0.03638252, -0.02501211],\n",
      "       [ 0.05816011,  0.02002002,  0.05354004,  0.06617729,  0.05560143,\n",
      "         0.05388305,  0.06820864, -0.02884181, -0.02369893],\n",
      "       [ 0.05875773,  0.02451201,  0.05535015,  0.05560143,  0.05976456,\n",
      "         0.05223724,  0.05951229, -0.02391798, -0.01384972],\n",
      "       [ 0.05673653,  0.03483483,  0.05346257,  0.05388305,  0.05223724,\n",
      "         0.07187688,  0.0515877 , -0.0255216 , -0.03354253],\n",
      "       [ 0.06828587,  0.01450061,  0.06397795,  0.06820864,  0.05951229,\n",
      "         0.0515877 ,  0.0960858 , -0.04635625, -0.02417679],\n",
      "       [-0.03602264, -0.01099852, -0.03638252, -0.02884181, -0.02391798,\n",
      "        -0.0255216 , -0.04635625,  0.07830578,  0.05925862],\n",
      "       [-0.02485329, -0.01502243, -0.02501211, -0.02369893, -0.01384972,\n",
      "        -0.03354253, -0.02417679,  0.05925862,  0.08012868]]), array([[ 0.0658492 ,  0.02703027,  0.06400876,  0.05816011,  0.05875773,\n",
      "         0.05673653,  0.06828587, -0.03522604, -0.02485329],\n",
      "       [ 0.02703027,  0.04842342,  0.02703007,  0.02002002,  0.02451201,\n",
      "         0.03483483,  0.01450061, -0.01201081, -0.01502243],\n",
      "       [ 0.06400876,  0.02703007,  0.06320185,  0.05354004,  0.05535015,\n",
      "         0.05346257,  0.06397795, -0.03455773, -0.02501211],\n",
      "       [ 0.05816011,  0.02002002,  0.05354004,  0.06617729,  0.05560143,\n",
      "         0.05388305,  0.06820864, -0.03142431, -0.02369893],\n",
      "       [ 0.05875773,  0.02451201,  0.05535015,  0.05560143,  0.05976456,\n",
      "         0.05223724,  0.05951229, -0.02863409, -0.01384972],\n",
      "       [ 0.05673653,  0.03483483,  0.05346257,  0.05388305,  0.05223724,\n",
      "         0.07187688,  0.0515877 , -0.02913211, -0.03354253],\n",
      "       [ 0.06828587,  0.01450061,  0.06397795,  0.06820864,  0.05951229,\n",
      "         0.0515877 ,  0.0960858 , -0.03958862, -0.02417679],\n",
      "       [-0.03522604, -0.01201081, -0.03455773, -0.03142431, -0.02863409,\n",
      "        -0.02913211, -0.03958862,  0.08072966,  0.06262804],\n",
      "       [-0.02485329, -0.01502243, -0.02501211, -0.02369893, -0.01384972,\n",
      "        -0.03354253, -0.02417679,  0.06262804,  0.08012868]]), array([[ 0.0658492 ,  0.02703027,  0.06400876,  0.05816011,  0.05875773,\n",
      "         0.05673653,  0.06828587, -0.03962836, -0.02485329],\n",
      "       [ 0.02703027,  0.04842342,  0.02703007,  0.02002002,  0.02451201,\n",
      "         0.03483483,  0.01450061, -0.01708346, -0.01502243],\n",
      "       [ 0.06400876,  0.02703007,  0.06320185,  0.05354004,  0.05535015,\n",
      "         0.05346257,  0.06397795, -0.04027561, -0.02501211],\n",
      "       [ 0.05816011,  0.02002002,  0.05354004,  0.06617729,  0.05560143,\n",
      "         0.05388305,  0.06820864, -0.02963459, -0.02369893],\n",
      "       [ 0.05875773,  0.02451201,  0.05535015,  0.05560143,  0.05976456,\n",
      "         0.05223724,  0.05951229, -0.02541929, -0.01384972],\n",
      "       [ 0.05673653,  0.03483483,  0.05346257,  0.05388305,  0.05223724,\n",
      "         0.07187688,  0.0515877 , -0.02960151, -0.03354253],\n",
      "       [ 0.06828587,  0.01450061,  0.06397795,  0.06820864,  0.05951229,\n",
      "         0.0515877 ,  0.0960858 , -0.05076231, -0.02417679],\n",
      "       [-0.03962836, -0.01708346, -0.04027561, -0.02963459, -0.02541929,\n",
      "        -0.02960151, -0.05076231,  0.08383339,  0.05466895],\n",
      "       [-0.02485329, -0.01502243, -0.02501211, -0.02369893, -0.01384972,\n",
      "        -0.03354253, -0.02417679,  0.05466895,  0.08012868]]), array([[ 0.0658492 ,  0.02703027,  0.06400876,  0.05816011,  0.05875773,\n",
      "         0.05673653,  0.06828587, -0.01561951, -0.02485329],\n",
      "       [ 0.02703027,  0.04842342,  0.02703007,  0.02002002,  0.02451201,\n",
      "         0.03483483,  0.01450061,  0.00368304, -0.01502243],\n",
      "       [ 0.06400876,  0.02703007,  0.06320185,  0.05354004,  0.05535015,\n",
      "         0.05346257,  0.06397795, -0.01753651, -0.02501211],\n",
      "       [ 0.05816011,  0.02002002,  0.05354004,  0.06617729,  0.05560143,\n",
      "         0.05388305,  0.06820864, -0.00848063, -0.02369893],\n",
      "       [ 0.05875773,  0.02451201,  0.05535015,  0.05560143,  0.05976456,\n",
      "         0.05223724,  0.05951229, -0.00084202, -0.01384972],\n",
      "       [ 0.05673653,  0.03483483,  0.05346257,  0.05388305,  0.05223724,\n",
      "         0.07187688,  0.0515877 , -0.00086036, -0.03354253],\n",
      "       [ 0.06828587,  0.01450061,  0.06397795,  0.06820864,  0.05951229,\n",
      "         0.0515877 ,  0.0960858 , -0.03195884, -0.02417679],\n",
      "       [-0.01561951,  0.00368304, -0.01753651, -0.00848063, -0.00084202,\n",
      "        -0.00086036, -0.03195884,  0.06656997,  0.02878438],\n",
      "       [-0.02485329, -0.01502243, -0.02501211, -0.02369893, -0.01384972,\n",
      "        -0.03354253, -0.02417679,  0.02878438,  0.08012868]]), array([[ 0.0658492 ,  0.02703027,  0.06400876,  0.05816011,  0.05875773,\n",
      "         0.05673653,  0.06828587,  0.00308999, -0.02485329],\n",
      "       [ 0.02703027,  0.04842342,  0.02703007,  0.02002002,  0.02451201,\n",
      "         0.03483483,  0.01450061, -0.00847001, -0.01502243],\n",
      "       [ 0.06400876,  0.02703007,  0.06320185,  0.05354004,  0.05535015,\n",
      "         0.05346257,  0.06397795,  0.00236276, -0.02501211],\n",
      "       [ 0.05816011,  0.02002002,  0.05354004,  0.06617729,  0.05560143,\n",
      "         0.05388305,  0.06820864,  0.00436975, -0.02369893],\n",
      "       [ 0.05875773,  0.02451201,  0.05535015,  0.05560143,  0.05976456,\n",
      "         0.05223724,  0.05951229,  0.00669593, -0.01384972],\n",
      "       [ 0.05673653,  0.03483483,  0.05346257,  0.05388305,  0.05223724,\n",
      "         0.07187688,  0.0515877 , -0.00784535, -0.03354253],\n",
      "       [ 0.06828587,  0.01450061,  0.06397795,  0.06820864,  0.05951229,\n",
      "         0.0515877 ,  0.0960858 ,  0.00650223, -0.02417679],\n",
      "       [ 0.00308999, -0.00847001,  0.00236276,  0.00436975,  0.00669593,\n",
