{
 "cells": [
  {
   "cell_type": "code",
   "execution_count": 27,
   "metadata": {},
   "outputs": [],
   "source": [
    "import numpy as np\n",
    "import matplotlib.pyplot as plt\n",
    "from pulser import Pulse, Sequence, Register\n",
    "from pulser_simulation import QutipEmulator\n",
    "from pulser.devices import MockDevice as DigitalAnalogDevice\n",
    "from pulser.waveforms import InterpolatedWaveform\n",
    "from scipy.optimize import minimize\n",
    "from scipy.spatial.distance import pdist, squareform"
   ]
  },
  {
   "cell_type": "markdown",
   "metadata": {},
   "source": [
    "임의의 QUBO 생성 (Constrain 있는 QUBO)"
   ]
  },
  {
   "cell_type": "code",
   "execution_count": 28,
   "metadata": {},
   "outputs": [],
   "source": [
    "import numpy as np\n",
    "import pandas as pd\n",
    "import networkx as nx\n",
    "diagonal = -20\n",
    "\n",
    "def generate_distance_weighted_Q_matrix_with_soft_constraint(size=7, diagonal=-10, max_edges=4, penalty_term=5.0, hamming_weight=3, seed=42):\n",
    "    \"\"\"\n",
    "    각 노드가 최대 max_edges 개의 엣지를 가지면서, 거리가 멀어질수록 가중치가 작아지는 Q 행렬을 생성.\n",
    "    또한, 특정 개수만 선택되도록 하는 soft constraint를 추가.\n",
    "\n",
    "    :param size: 생성할 행렬의 크기 (size x size)\n",
    "    :param diagonal: 대각 원소 값\n",
    "    :param max_edges: 각 노드가 가질 수 있는 최대 엣지 개수\n",
    "    :param penalty_term: Hamming weight 제약을 위한 패널티 값\n",
    "    :param hamming_weight: 선택해야 하는 노드 개수\n",
    "    :param seed: 랜덤 시드 값 (재현 가능성 유지)\n",
    "    :return: 거리 기반 가중치를 가지는 Q 행렬 (numpy array), 그래프, 노드 좌표\n",
    "    \"\"\"\n",
    "    np.random.seed(seed)\n",
    "\n",
    "    # 노드의 랜덤한 2D 좌표 생성\n",
    "    coordinates = np.random.rand(size, 2) * 10  # 10x10 범위 내에서 랜덤 좌표\n",
    "\n",
    "    # 노드 간 거리 계산\n",
    "    distances = pdist(coordinates)  # 1D 배열 형태의 거리 정보\n",
    "    distance_matrix = squareform(distances)  # 2D 대칭 행렬로 변환\n",
    "\n",
    "    # 가중치는 거리의 역수의 제곱으로 설정 (거리가 멀어질수록 값이 작아짐)\n",
    "    weights = 1 / (distance_matrix + np.eye(size))**2  # 자기 자신과의 거리는 제외\n",
    "    # 그래프를 생성하여 각 노드의 연결을 제한\n",
    "    G = nx.Graph()\n",
    "    for i in range(size):\n",
    "        G.add_node(i, pos=coordinates[i])  # 노드 좌표 저장\n",
    "\n",
    "    # 가장 가까운 max_edges 개의 노드만 연결\n",
    "    edges = []\n",
    "    for i in range(size):\n",
    "        closest_nodes = np.argsort(distance_matrix[i])  # 거리 기준으로 정렬\n",
    "        connected = 0\n",
    "\n",
    "        for j in closest_nodes:\n",
    "            if i == j or connected >= max_edges or G.degree[j] >= max_edges:\n",
    "                continue\n",
    "\n",
    "            if (i, j) not in edges and (j, i) not in edges and weights[i, j] > 0:  # 0이 아닌 경우만 추가\n",
    "                edges.append((i, j))\n",
    "                G.add_edge(i, j, weight=weights[i, j])  # 가중치 추가\n",
    "                connected += 1\n",
    "\n",
    "    # Q 행렬 초기화\n",
    "    Q = np.zeros((size, size))\n",
    "\n",
    "    # 그래프의 엣지를 기반으로 Q 행렬 채우기\n",
    "    for i, j in edges:\n",
    "        Q[i, j] = weights[i, j]\n",
    "        Q[j, i] = weights[j, i]  # 대칭성 유지\n",
    "\n",
    "    # 대각 성분 설정\n",
    "    np.fill_diagonal(Q, diagonal)\n",
    "\n",
    "    # Soft Constraint 추가 (Hamming weight 제약)\n",
    "    for i in range(size):\n",
    "        Q[i, i] += penalty_term * (1 - 2 * hamming_weight)  # Hamming weight 페널티 적용\n",
    "        for j in range(i + 1, size):\n",
    "            Q[i, j] +=  penalty_term\n",
    "            Q[j, i] +=  penalty_term  # 대칭성 유지\n",
    "\n",
    "    return Q/10, G, coordinates\n",
    "\n",
    "hamming_weight = 2\n",
    "\n",
    "# 12x12 Q 행렬 생성 (Soft Constraint 포함)\n",
    "Q, _, _ = generate_distance_weighted_Q_matrix_with_soft_constraint(\n",
    "    size=6, diagonal=[-50,-1,-1,-1,-1], penalty_term=15.0, hamming_weight=hamming_weight\n",
    ")\n",
    "\n",
    "\n"
   ]
  },
  {
   "cell_type": "code",
   "execution_count": 29,
   "metadata": {},
   "outputs": [],
   "source": [
    "def evaluate_mapping(new_coords, Q):\n",
    "    \"\"\"Cost function to minimize. Ideally, the pairwise distances are conserved.\"\"\"\n",
    "    new_coords = np.reshape(new_coords, (len(Q), 2))\n",
    "    # computing the matrix of the distances between all coordinate pairs\n",
    "    new_Q = squareform(\n",
    "        DigitalAnalogDevice.interaction_coeff / pdist(new_coords) ** 6\n",
    "    )\n",
    "    Q_copy = np.array(Q)\n",
    "    np.fill_diagonal(Q_copy, 0)\n",
    "    print(np.linalg.norm((new_Q - Q_copy)**2))\n",
    "    print(new_Q - Q_copy)\n",
    "    return np.linalg.norm((new_Q - Q_copy))\n",
    "\n",
    "def evaluate_mapping_Q(new_coords, Q):\n",
    "    \"\"\"Cost function to minimize. Ideally, the pairwise distances are conserved.\"\"\"\n",
    "    new_coords = np.reshape(new_coords, (len(Q), 2))\n",
    "    # computing the matrix of the distances between all coordinate pairs\n",
    "    new_Q = squareform(\n",
    "        DigitalAnalogDevice.interaction_coeff / pdist(new_coords) ** 6\n",
    "    )\n",
    "    Q_copy = np.array(Q)\n",
    "    np.fill_diagonal(new_Q, np.diag(Q))\n",
    "\n",
    "    return new_Q"
   ]
  },
  {
   "cell_type": "code",
   "execution_count": 30,
   "metadata": {},
   "outputs": [
    {
     "name": "stdout",
     "output_type": "stream",
     "text": [
      "45549.93235283872\n",
      "[[  0.         114.66883528   2.80269659   0.30587972   2.7936231\n",
      "  114.66484958]\n",
      " [114.66883528   0.         114.67091298   2.80079444   0.28083674\n",
      "    2.80114363]\n",
      " [  2.80269659 114.67091298   0.         114.67086228   2.80070813\n",
      "    0.31373127]\n",
      " [  0.30587972   2.80079444 114.67086228   0.         114.66968183\n",
      "    2.72050616]\n",
      " [  2.7936231    0.28083674   2.80070813 114.66968183   0.\n",
      "  114.672808  ]\n",
      " [114.66484958   2.80114363   0.31373127   2.72050616 114.672808\n",
      "    0.        ]]\n",
      "38239.7081352126\n",
      "[[  0.          66.66811942   1.14606694  -0.3863925    1.13699345\n",
      "   66.66413372]\n",
      " [ 66.66811942   0.         114.67091298   2.80079444   0.28083674\n",
      "    2.80114363]\n",
      " [  1.14606694 114.67091298   0.         114.67086228   2.80070813\n",
      "    0.31373127]\n",
      " [ -0.3863925    2.80079444 114.67086228   0.         114.66968183\n",
      "    2.72050616]\n",
      " [  1.13699345   0.28083674   2.80070813 114.66968183   0.\n",
      "  114.672808  ]\n",
      " [ 66.66413372   2.80114363   0.31373127   2.72050616 114.672808\n",
      "    0.        ]]\n",
      "46715.48098567402\n",
      "[[  0.         141.2853723    1.83199831  -0.40609254   0.53584576\n",
      "   32.17417582]\n",
      " [141.2853723    0.         114.67091298   2.80079444   0.28083674\n",
      "    2.80114363]\n",
      " [  1.83199831 114.67091298   0.         114.67086228   2.80070813\n",
      "    0.31373127]\n",
      " [ -0.40609254   2.80079444 114.67086228   0.         114.66968183\n",
      "    2.72050616]\n",
      " [  0.53584576   0.28083674   2.80070813 114.66968183   0.\n",
      "  114.672808  ]\n",
      " [ 32.17417582   2.80114363   0.31373127   2.72050616 114.672808\n",
      "    0.        ]]\n",
      "37823.693351148904\n",
      "[[  0.         114.66883528   1.14606694  -0.3863925    1.13699345\n",
      "   66.66413372]\n",
      " [114.66883528   0.          44.56869232   1.14416479  -0.13376691\n",
      "    2.68380391]\n",
      " [  1.14606694  44.56869232   0.         114.67086228   2.80070813\n",
      "    0.31373127]\n",
      " [ -0.3863925    1.14416479 114.67086228   0.         114.66968183\n",
      "    2.72050616]\n",
      " [  1.13699345  -0.13376691   2.80070813 114.66968183   0.\n",
      "  114.672808  ]\n",
      " [ 66.66413372   2.68380391   0.31373127   2.72050616 114.672808\n",
      "    0.        ]]\n",
      "33091.05112938972\n",
      "[[  0.          49.41603934   1.14606694  -0.3863925    1.13699345\n",
      "   66.66413372]\n",
      " [ 49.41603934   0.          41.85937322   0.54301709  -0.58589776\n",
      "    0.92138373]\n",
      " [  1.14606694  41.85937322   0.         114.67086228   2.80070813\n",
      "    0.31373127]\n",
      " [ -0.3863925    0.54301709 114.67086228   0.         114.66968183\n",
      "    2.72050616]\n",
      " [  1.13699345  -0.58589776   2.80070813 114.66968183   0.\n",
      "  114.672808  ]\n",
      " [ 66.66413372   0.92138373   0.31373127   2.72050616 114.672808\n",
      "    0.        ]]\n",
      "32099.507663956796\n",
      "[[  0.          49.41603934   2.80269659  -0.3863925    1.13699345\n",
      "   66.66413372]\n",
      " [ 49.41603934   0.         105.50378145   0.54301709  -0.58589776\n",
      "    0.92138373]\n",
      " [  2.80269659 105.50378145   0.          66.67014643   2.68336841\n",
      "    0.80239635]\n",
      " [ -0.3863925    0.54301709  66.67014643   0.         114.66968183\n",
      "    2.72050616]\n",
      " [  1.13699345  -0.58589776   2.68336841 114.66968183   0.\n",
      "  114.672808  ]\n",
      " [ 66.66413372   0.92138373   0.80239635   2.72050616 114.672808\n",
      "    0.        ]]\n",
      "27620.332281908908\n",
      "[[  0.          49.41603934   0.54491924  -0.3863925    1.13699345\n",
      "   66.66413372]\n",
      " [ 49.41603934   0.          44.56869232   0.54301709  -0.58589776\n",
      "    0.92138373]\n",
      " [  0.54491924  44.56869232   0.          49.41806635   0.97738759\n",
      "   -0.31192802]\n",
      " [ -0.3863925    0.54301709  49.41806635   0.         114.66968183\n",
      "    2.72050616]\n",
      " [  1.13699345  -0.58589776   0.97738759 114.66968183   0.\n",
      "  114.672808  ]\n",
      " [ 66.66413372   0.92138373  -0.31192802   2.72050616 114.672808\n",
      "    0.        ]]\n",
      "50716.46371470241\n",
      "[[  0.          49.41603934   0.54491924   0.30587972   1.13699345\n",
      "   66.66413372]\n",
      " [ 49.41603934   0.          44.56869232   1.68290383  -0.58589776\n",
      "    0.92138373]\n",
      " [  0.54491924  44.56869232   0.          69.64412184   0.97738759\n",
      "   -0.31192802]\n",
      " [  0.30587972   1.68290383  69.64412184   0.         180.43633642\n",
      "    5.61044109]\n",
      " [  1.13699345  -0.58589776   0.97738759 180.43633642   0.\n",
      "  114.672808  ]\n",
      " [ 66.66413372   0.92138373  -0.31192802   5.61044109 114.672808\n",
      "    0.        ]]\n",
      "27620.567735180073\n",
      "[[  0.          49.41603934   0.54491924  -0.40609254   1.13699345\n",
      "   66.66413372]\n",
      " [ 49.41603934   0.          44.56869232   1.14416479  -0.58589776\n",
      "    0.92138373]\n",
      " [  0.54491924  44.56869232   0.         114.67086228   0.97738759\n",
      "   -0.31192802]\n",
      " [ -0.40609254   1.14416479 114.67086228   0.          49.41688589\n",
      "    1.60261555]\n",
      " [  1.13699345  -0.58589776   0.97738759  49.41688589   0.\n",
      "  114.672808  ]\n",
      " [ 66.66413372   0.92138373  -0.31192802   1.60261555 114.672808\n",
      "    0.        ]]\n",
      "169910.4509742078\n",
      "[[ 0.00000000e+00  4.94160393e+01  5.44919245e-01 -4.06092539e-01\n",
      "   2.79362310e+00  6.66641337e+01]\n",
      " [ 4.94160393e+01  0.00000000e+00  4.45686923e+01  1.14416479e+00\n",
      "  -3.44822553e-01  9.21383733e-01]\n",
      " [ 5.44919245e-01  4.45686923e+01  0.00000000e+00  1.14670862e+02\n",
      "   9.20948231e-01 -3.11928023e-01]\n",
      " [-4.06092539e-01  1.14416479e+00  1.14670862e+02  0.00000000e+00\n",
      "   3.21790081e+01  1.60261555e+00]\n",
      " [ 2.79362310e+00 -3.44822553e-01  9.20948231e-01  3.21790081e+01\n",
      "   0.00000000e+00  3.45390146e+02]\n",
      " [ 6.66641337e+01  9.21383733e-01 -3.11928023e-01  1.60261555e+00\n",
      "   3.45390146e+02  0.00000000e+00]]\n",
      "31602.997360183363\n",
      "[[  0.          49.41603934   0.54491924  -0.40609254   1.82292482\n",
      "   66.66413372]\n",
      " [ 49.41603934   0.          44.56869232   1.14416479  -0.13376691\n",
      "    0.92138373]\n",
      " [  0.54491924  44.56869232   0.         114.67086228   2.80070813\n",
      "   -0.31192802]\n",
      " [ -0.40609254   1.14416479 114.67086228   0.         114.66968183\n",
      "    1.60261555]\n",
      " [  1.82292482  -0.13376691   2.80070813 114.66968183   0.\n",
      "  105.50567647]\n",
      " [ 66.66413372   0.92138373  -0.31192802   1.60261555 105.50567647\n",
      "    0.        ]]\n",
      "27040.56665192497\n",
      "[[  0.          49.41603934   0.54491924  -0.40609254   1.13699345\n",
      "  114.66484958]\n",
      " [ 49.41603934   0.          44.56869232   1.14416479  -0.58589776\n",
      "    0.9778231 ]\n",
      " [  0.54491924  44.56869232   0.         114.67086228   0.97738759\n",
      "   -0.55300323]\n",
      " [ -0.40609254   1.14416479 114.67086228   0.          49.41688589\n",
      "    0.46272881]\n",
      " [  1.13699345  -0.58589776   0.97738759  49.41688589   0.\n",
      "   44.57058734]\n",
      " [114.66484958   0.9778231   -0.55300323   0.46272881  44.57058734\n",
      "    0.        ]]\n",
      "117503.6394777409\n",
      "[[ 0.00000000e+00  4.94160393e+01  5.44919245e-01 -4.06092539e-01\n",
      "   1.13699345e+00  2.86225404e+02]\n",
      " [ 4.94160393e+01  0.00000000e+00  4.45686923e+01  1.14416479e+00\n",
      "  -5.85897761e-01  2.80114363e+00]\n",
      " [ 5.44919245e-01  4.45686923e+01  0.00000000e+00  1.14670862e+02\n",
      "   9.77387594e-01 -1.00872375e-01]\n",
      " [-4.06092539e-01  1.14416479e+00  1.14670862e+02  0.00000000e+00\n",
      "   4.94168859e+01  1.06387650e+00]\n",
      " [ 1.13699345e+00 -5.85897761e-01  9.77387594e-01  4.94168859e+01\n",
      "   0.00000000e+00  4.18612682e+01]\n",
      " [ 2.86225404e+02  2.80114363e+00 -1.00872375e-01  1.06387650e+00\n",
      "   4.18612682e+01  0.00000000e+00]]\n",
      "15812.05807857362\n",
      "[[ 0.00000000e+00  4.04084091e+01  3.21166616e-01 -5.68988455e-01\n",
      "   2.41386633e-01  7.32037414e+01]\n",
      " [ 4.04084091e+01  0.00000000e+00  4.35020556e+01  8.19460102e-01\n",
      "  -7.99951152e-01  2.67372892e-01]\n",
      " [ 3.21166616e-01  4.35020556e+01  0.00000000e+00  9.45300145e+01\n",
      "   7.09649571e-01 -7.69149855e-01]\n",
      " [-5.68988455e-01  8.19460102e-01  9.45300145e+01  0.00000000e+00\n",
      "   5.61509571e+01  1.07423708e-02]\n",
      " [ 2.41386633e-01 -7.99951152e-01  7.09649571e-01  5.61509571e+01\n",
      "   0.00000000e+00  2.24679531e+01]\n",
      " [ 7.32037414e+01  2.67372892e-01 -7.69149855e-01  1.07423708e-02\n",
      "   2.24679531e+01  0.00000000e+00]]\n",
      "8697.652243417479\n",
      "[[ 0.00000000e+00  3.08045575e+01  5.52431581e-02 -7.51060618e-01\n",
      "   4.60418630e-01  4.08745511e+01]\n",
      " [ 3.08045575e+01  0.00000000e+00  4.20683216e+01  4.42586001e-01\n",
      "  -7.97439090e-01 -3.61478831e-01]\n",
      " [ 5.52431581e-02  4.20683216e+01  0.00000000e+00  7.26851621e+01\n",
      "   4.45427396e-01 -9.83329316e-01]\n",
      " [-7.51060618e-01  4.42586001e-01  7.26851621e+01  0.00000000e+00\n",
      "   3.89770992e+01 -4.45475863e-01]\n",
      " [ 4.60418630e-01 -7.97439090e-01  4.45427396e-01  3.89770992e+01\n",
      "   0.00000000e+00  2.97305853e+01]\n",
      " [ 4.08745511e+01 -3.61478831e-01 -9.83329316e-01 -4.45475863e-01\n",
      "   2.97305853e+01  0.00000000e+00]]\n",
      "8052.373037222596\n",
      "[[ 0.         39.23986223  0.74176602 -0.40519599  1.53069116 47.79964268]\n",
      " [39.23986223  0.         41.57944777  0.3279859  -0.82742886 -0.51667576]\n",
      " [ 0.74176602 41.57944777  0.         66.39889294  0.35447283 -1.04076865]\n",
      " [-0.40519599  0.3279859  66.39889294  0.         36.63164717 -0.56932099]\n",
      " [ 1.53069116 -0.82742886  0.35447283 36.63164717  0.         27.85401545]\n",
      " [47.79964268 -0.51667576 -1.04076865 -0.56932099 27.85401545  0.        ]]\n",
      "8499.71235197819\n",
      "[[ 0.00000000e+00  3.98532953e+01  9.89962434e-02 -7.48120015e-01\n",
      "   4.14721094e-01  3.76687693e+01]\n",
      " [ 3.98532953e+01  0.00000000e+00  2.76645572e+01  6.35228405e-02\n",
      "  -8.75959089e-01 -3.66043105e-01]\n",
      " [ 9.89962434e-02  2.76645572e+01  0.00000000e+00  7.26851621e+01\n",
      "   4.45427396e-01 -9.83329316e-01]\n",
      " [-7.48120015e-01  6.35228405e-02  7.26851621e+01  0.00000000e+00\n",
      "   3.89770992e+01 -4.45475863e-01]\n",
      " [ 4.14721094e-01 -8.75959089e-01  4.45427396e-01  3.89770992e+01\n",
      "   0.00000000e+00  2.97305853e+01]\n",
      " [ 3.76687693e+01 -3.66043105e-01 -9.83329316e-01 -4.45475863e-01\n",
      "   2.97305853e+01  0.00000000e+00]]\n",
      "11128.79507186507\n",
      "[[ 0.00000000e+00  7.79168033e+01  4.95207859e-01 -7.65351316e-01\n",
      "  -1.15260383e-02  1.57560410e+01]\n",
      " [ 7.79168033e+01  0.00000000e+00  3.26018404e+01  1.36441885e-01\n",
      "  -8.64732204e-01 -4.80778483e-01]\n",
      " [ 4.95207859e-01  3.26018404e+01  0.00000000e+00  6.79458724e+01\n",
      "   3.77224041e-01 -1.02681549e+00]\n",
      " [-7.65351316e-01  1.36441885e-01  6.79458724e+01  0.00000000e+00\n",
      "   3.72161284e+01 -5.39176819e-01]\n",
      " [-1.15260383e-02 -8.64732204e-01  3.77224041e-01  3.72161284e+01\n",
      "   0.00000000e+00  2.83349003e+01]\n",
      " [ 1.57560410e+01 -4.80778483e-01 -1.02681549e+00 -5.39176819e-01\n",
      "   2.83349003e+01  0.00000000e+00]]\n",
      "12842.22867079307\n",
      "[[ 0.00000000e+00  4.09124731e+01 -1.96079801e-01 -7.48120015e-01\n",
      "   4.14721094e-01  3.76687693e+01]\n",
      " [ 4.09124731e+01  0.00000000e+00  1.83673299e+01  7.45300087e-02\n",
      "  -8.68363672e-01 -3.48794430e-01]\n",
      " [-1.96079801e-01  1.83673299e+01  0.00000000e+00  9.28872866e+01\n",
      "   4.47662393e-01 -1.03201763e+00]\n",
      " [-7.48120015e-01  7.45300087e-02  9.28872866e+01  0.00000000e+00\n",
      "   3.89770992e+01 -4.45475863e-01]\n",
      " [ 4.14721094e-01 -8.68363672e-01  4.47662393e-01  3.89770992e+01\n",
      "   0.00000000e+00  2.97305853e+01]\n",
      " [ 3.76687693e+01 -3.48794430e-01 -1.03201763e+00 -4.45475863e-01\n",
      "   2.97305853e+01  0.00000000e+00]]\n",
      "12550.547804870783\n",
      "[[ 0.         86.97063294  0.12270438 -0.78012644  0.37794611 32.88762586]\n",
      " [86.97063294  0.         28.07616913  0.32460061 -0.62292757  0.13436742]\n",
      " [ 0.12270438 28.07616913  0.         64.38954307  0.37440007 -1.0171321 ]\n",
      " [-0.78012644  0.32460061 64.38954307  0.         37.223609   -0.53878793]\n",
      " [ 0.37794611 -0.62292757  0.37440007 37.223609    0.         28.3409989 ]\n",
      " [32.88762586  0.13436742 -1.0171321  -0.53878793 28.3409989   0.        ]]\n",
      "12642.470822097812\n",
      "[[ 0.         39.8532953   0.09899624 -0.57438288  0.41472109 32.95423159]\n",
      " [39.8532953   0.         27.66455722  0.42519998 -0.87595909 -0.45313633]\n",
      " [ 0.09899624 27.66455722  0.         91.5737466   0.4454274  -1.01433302]\n",
      " [-0.57438288  0.42519998 91.5737466   0.         46.30421867 -0.29021728]\n",
      " [ 0.41472109 -0.87595909  0.4454274  46.30421867  0.         29.03189495]\n",
      " [32.95423159 -0.45313633 -1.01433302 -0.29021728 29.03189495  0.        ]]\n",
      "3428.9913188708556\n",
      "[[ 0.         22.3732523  -0.07880812 -0.95189678  0.11203361 36.76544908]\n",
      " [22.3732523   0.         32.42633773 -0.41772143 -1.05504966 -0.66788048]\n",
      " [-0.07880812 32.42633773  0.         36.58446404 -0.08720844 -1.06285949]\n",
      " [-0.95189678 -0.41772143 36.58446404  0.         27.54507435 -0.73038003]\n",
      " [ 0.11203361 -1.05504966 -0.08720844 27.54507435  0.         23.9442375 ]\n",
      " [36.76544908 -0.66788048 -1.06285949 -0.73038003 23.9442375   0.        ]]\n",
      "4177.316282016985\n",
      "[[ 0.00000000e+00  1.72055895e+01  2.63899144e-01 -1.03731374e+00\n",
      "  -1.17189446e-02  3.20499454e+01]\n",
      " [ 1.72055895e+01  0.00000000e+00  3.25583550e+01 -6.05485057e-01\n",
      "  -1.11939755e+00 -8.26381188e-01]\n",
      " [ 2.63899144e-01  3.25583550e+01  0.00000000e+00  4.94514305e+01\n",
      "   4.79754210e-01 -9.55800273e-01]\n",
      " [-1.03731374e+00 -6.05485057e-01  4.94514305e+01  0.00000000e+00\n",
      "   2.29091152e+01 -8.80410853e-01]\n",
      " [-1.17189446e-02 -1.11939755e+00  4.79754210e-01  2.29091152e+01\n",
      "   0.00000000e+00  2.12228641e+01]\n",
      " [ 3.20499454e+01 -8.26381188e-01 -9.55800273e-01 -8.80410853e-01\n",
      "   2.12228641e+01  0.00000000e+00]]\n",
      "4659.375451044178\n",
      "[[ 0.         22.3732523  -0.07880812 -0.96471111  0.11210963 36.76544908]\n",
      " [22.3732523   0.         32.42633773 -0.30360142 -1.05501407 -0.66788048]\n",
      " [-0.07880812 32.42633773  0.         51.81857064 -0.08705859 -1.06285949]\n",
      " [-0.96471111 -0.30360142 51.81857064  0.         19.0924088  -0.83230179]\n",
      " [ 0.11210963 -1.05501407 -0.08705859 19.0924088   0.         23.94361654]\n",
      " [36.76544908 -0.66788048 -1.06285949 -0.83230179 23.94361654  0.        ]]\n",
      "4593.139384478748\n",
      "[[ 0.         18.00014558 -0.15035671 -1.02241399  0.33277228 32.81593237]\n",
      " [18.00014558  0.         34.51944433 -0.58783106 -0.94045676 -0.80163726]\n",
      " [-0.15035671 34.51944433  0.         26.17135488  0.52348109 -1.11115881]\n",
      " [-1.02241399 -0.58783106 26.17135488  0.         51.95299675 -0.84516327]\n",
      " [ 0.33277228 -0.94045676  0.52348109 51.95299675  0.         18.19289691]\n",
      " [32.81593237 -0.80163726 -1.11115881 -0.84516327 18.19289691  0.        ]]\n",
      "3376.542278116711\n",
      "[[ 0.         22.05345945 -0.09123954 -0.95817089  0.0625896  28.94266694]\n",
      " [22.05345945  0.         32.36741331 -0.4273452  -1.06375169 -0.69639491]\n",
      " [-0.09123954 32.36741331  0.         36.08098273 -0.1001195  -1.03258508]\n",
      " [-0.95817089 -0.4273452  36.08098273  0.         27.86889425 -0.5804359 ]\n",
      " [ 0.0625896  -1.06375169 -0.1001195  27.86889425  0.         34.19148246]\n",
      " [28.94266694 -0.69639491 -1.03258508 -0.5804359  34.19148246  0.        ]]\n",
      "5033.417452534398\n",
      "[[ 0.         16.92510006 -0.05694343 -1.02331112  0.71505727 43.56336191]\n",
      " [16.92510006  0.         38.51438579 -0.66041405 -1.06756697 -0.71665522]\n",
      " [-0.05694343 38.51438579  0.         21.09885821 -0.32866973 -1.04444936]\n",
      " [-1.02331112 -0.66041405 21.09885821  0.         16.60416172 -0.74975801]\n",
      " [ 0.71505727 -1.06756697 -0.32866973 16.60416172  0.         50.51117797]\n",
      " [43.56336191 -0.71665522 -1.04444936 -0.74975801 50.51117797  0.        ]]\n",
      "4605.456203827292\n",
      "[[ 0.00000000e+00  2.46165939e+01  1.48219082e-01 -9.30306049e-01\n",
      "   1.31672413e-01  5.03066268e+01]\n",
      " [ 2.46165939e+01  0.00000000e+00  3.24687358e+01 -4.98860207e-01\n",
      "  -1.07194097e+00 -5.19285851e-01]\n",
      " [ 1.48219082e-01  3.24687358e+01  0.00000000e+00  3.55331568e+01\n",
      "   3.00439271e-02 -9.60142409e-01]\n",
      " [-9.30306049e-01 -4.98860207e-01  3.55331568e+01  0.00000000e+00\n",
      "   3.03347674e+01 -6.42993699e-01]\n",
      " [ 1.31672413e-01 -1.07194097e+00  3.00439271e-02  3.03347674e+01\n",
      "   0.00000000e+00  2.30208913e+01]\n",
      " [ 5.03066268e+01 -5.19285851e-01 -9.60142409e-01 -6.42993699e-01\n",
      "   2.30208913e+01  0.00000000e+00]]\n",
      "3297.619137019072\n",
      "[[ 0.         14.5035604  -0.33887742 -1.02751766 -0.39064658 35.64470934]\n",
      " [14.5035604   0.         41.57658218 -0.50223615 -1.17588579 -0.81164367]\n",
      " [-0.33887742 41.57658218  0.         21.39143494 -0.55525564 -1.15103557]\n",
      " [-1.02751766 -0.50223615 21.39143494  0.         27.18585542 -0.82791188]\n",
      " [-0.39064658 -1.17588579 -0.55525564 27.18585542  0.         13.66694696]\n",
      " [35.64470934 -0.81164367 -1.15103557 -0.82791188 13.66694696  0.        ]]\n",
      "3601.4999386386003\n",
      "[[ 0.         11.38487449 -0.26180433 -0.86581696 -0.40376736 31.44276267]\n",
      " [11.38487449  0.         43.69919703 -0.39695532 -1.23399983 -0.96346677]\n",
      " [-0.26180433 43.69919703  0.         23.83089674 -0.61560431 -1.17281529]\n",
      " [-0.86581696 -0.39695532 23.83089674  0.         34.9674568  -0.65905426]\n",
      " [-0.40376736 -1.23399983 -0.61560431 34.9674568   0.         12.81244483]\n",
      " [31.44276267 -0.96346677 -1.17281529 -0.65905426 12.81244483  0.        ]]\n",
      "4409.521908114291\n",
      "[[ 0.         12.915172   -0.47696005 -1.03646158 -0.29680027 50.81593072]\n",
      " [12.915172    0.         38.6538044  -0.47476299 -1.15182947 -0.72502537]\n",
      " [-0.47696005 38.6538044   0.         21.50521668 -0.55611447 -1.14840468]\n",
      " [-1.03646158 -0.47476299 21.50521668  0.         27.16667535 -0.82234218]\n",
      " [-0.29680027 -1.15182947 -0.55611447 27.16667535  0.         13.68759698]\n",
      " [50.81593072 -0.72502537 -1.14840468 -0.82234218 13.68759698  0.        ]]\n",
      "4014.307469196282\n",
      "[[ 0.00000000e+00  3.27805926e+01 -4.10159984e-02 -1.06767491e+00\n",
      "  -5.72332095e-01  1.93610146e+01]\n",
      " [ 3.27805926e+01  0.00000000e+00  5.00822340e+01 -5.39359305e-01\n",
      "  -1.13951559e+00 -7.35922189e-01]\n",
      " [-4.10159984e-02  5.00822340e+01  0.00000000e+00  1.40053898e+01\n",
      "  -6.75641609e-01 -1.18375734e+00]\n",
      " [-1.06767491e+00 -5.39359305e-01  1.40053898e+01  0.00000000e+00\n",
      "   2.53056458e+01 -9.28694009e-01]\n",
      " [-5.72332095e-01 -1.13951559e+00 -6.75641609e-01  2.53056458e+01\n",
      "   0.00000000e+00  1.22262466e+01]\n",
      " [ 1.93610146e+01 -7.35922189e-01 -1.18375734e+00 -9.28694009e-01\n",
      "   1.22262466e+01  0.00000000e+00]]\n",
      "3151.9846111396155\n",
      "[[ 0.         12.82948753 -0.512233   -1.10142618 -0.58520685 31.54351794]\n",
      " [12.82948753  0.         41.79588186 -0.47454826 -1.16920209 -0.76267827]\n",
      " [-0.512233   41.79588186  0.         22.27881597 -0.53444579 -1.13054659]\n",
      " [-1.10142618 -0.47454826 22.27881597  0.         27.99078547 -0.78639348]\n",
      " [-0.58520685 -1.16920209 -0.53444579 27.99078547  0.         14.01151954]\n",
      " [31.54351794 -0.76267827 -1.13054659 -0.78639348 14.01151954  0.        ]]\n",
      "1636.3156952327743\n",
      "[[ 0.         15.70525552 -0.73710938 -1.13293261 -0.71128008 22.84150552]\n",
      " [15.70525552  0.         14.58099427 -0.77353369 -1.24569827 -0.86826293]\n",
      " [-0.73710938 14.58099427  0.         24.00954715 -0.61373035 -1.20371526]\n",
      " [-1.13293261 -0.77353369 24.00954715  0.         27.8613515  -0.83797441]\n",
      " [-0.71128008 -1.24569827 -0.61373035 27.8613515   0.         12.65328613]\n",
      " [22.84150552 -0.86826293 -1.20371526 -0.83797441 12.65328613  0.        ]]\n",
      "2126.1673653712596\n",
      "[[ 0.         16.59713453 -0.87417675 -1.13433476 -0.85403264 13.07464228]\n",
      " [16.59713453  0.         10.77236476 -0.75182792 -1.25926977 -0.97403264]\n",
      " [-0.87417675 10.77236476  0.         24.25190128 -0.65513177 -1.26170003]\n",
      " [-1.13433476 -0.75182792 24.25190128  0.         36.52043995 -0.79872585]\n",
      " [-0.85403264 -1.25926977 -0.65513177 36.52043995  0.         11.40502264]\n",
      " [13.07464228 -0.97403264 -1.26170003 -0.79872585 11.40502264  0.        ]]\n",
      "1369.375788524503\n",
      "[[ 0.         14.5081794  -0.75629014 -1.14526159 -0.58782246 24.10256196]\n",
      " [14.5081794   0.         15.19420154 -0.82256221 -1.2377594  -0.88579756]\n",
      " [-0.75629014 15.19420154  0.         18.95416887 -0.70004514 -1.21817756]\n",
      " [-1.14526159 -0.82256221 18.95416887  0.         23.37695144 -0.86076655]\n",
      " [-0.58782246 -1.2377594  -0.70004514 23.37695144  0.         16.53711489]\n",
      " [24.10256196 -0.88579756 -1.21817756 -0.86076655 16.53711489  0.        ]]\n",
      "902.2632464371688\n",
      "[[ 0.         10.38635018 -0.81324928 -1.22973597 -0.72721232 16.98186809]\n",
      " [10.38635018  0.         12.51712967 -1.04111028 -1.31908818 -1.04133129]\n",
      " [-0.81324928 12.51712967  0.         13.73213555 -0.84469029 -1.22717619]\n",
      " [-1.22973597 -1.04111028 13.73213555  0.         15.37551929 -0.93129157]\n",
      " [-0.72721232 -1.31908818 -0.84469029 15.37551929  0.         21.04704423]\n",
      " [16.98186809 -1.04133129 -1.22717619 -0.93129157 21.04704423  0.        ]]\n",
      "1146.5011628421653\n",
      "[[ 0.         12.90000992 -0.72275407 -1.22143511 -0.79114997 25.11012884]\n",
      " [12.90000992  0.          9.42927931 -1.15309927 -1.35659642 -0.94873617]\n",
      " [-0.72275407  9.42927931  0.          9.6156102  -0.89140487 -1.1714133 ]\n",
      " [-1.22143511 -1.15309927  9.6156102   0.         19.32241046 -0.82903012]\n",
      " [-0.79114997 -1.35659642 -0.89140487 19.32241046  0.         16.6105289 ]\n",
      " [25.11012884 -0.94873617 -1.1714133  -0.82903012 16.6105289   0.        ]]\n",
      "845.3217340165157\n",
      "[[ 0.          9.35531519 -0.74449264 -1.24737009 -0.71988229 16.8399143 ]\n",
      " [ 9.35531519  0.         12.51494473 -1.08769754 -1.32335342 -1.07815627]\n",
      " [-0.74449264 12.51494473  0.         14.8860578  -0.70729573 -1.20422501]\n",
      " [-1.24737009 -1.08769754 14.8860578   0.         16.21060314 -0.9925845 ]\n",
      " [-0.71988229 -1.32335342 -0.70729573 16.21060314  0.         18.85926714]\n",
      " [16.8399143  -1.07815627 -1.20422501 -0.9925845  18.85926714  0.        ]]\n",
      "1418.9225017902886\n",
      "[[ 0.          8.39852569 -0.82121972 -1.26832833 -0.61045437 15.78333198]\n",
      " [ 8.39852569  0.         12.01984331 -1.14741407 -1.28004854 -1.12482603]\n",
      " [-0.82121972 12.01984331  0.          9.3944023  -0.52859495 -1.25709053]\n",
      " [-1.26832833 -1.14741407  9.3944023   0.         30.48148447 -1.05161736]\n",
      " [-0.61045437 -1.28004854 -0.52859495 30.48148447  0.         14.77821847]\n",
      " [15.78333198 -1.12482603 -1.25709053 -1.05161736 14.77821847  0.        ]]\n",
      "770.2012816913167\n",
      "[[ 0.          8.25838886 -0.78209156 -1.25741829 -0.78699747 19.75869924]\n",
      " [ 8.25838886  0.         13.52599187 -1.07960189 -1.33801322 -1.09068411]\n",
      " [-0.78209156 13.52599187  0.         14.47962918 -0.79168571 -1.23660049]\n",
      " [-1.25741829 -1.07960189 14.47962918  0.         14.07384807 -1.09586277]\n",
      " [-0.78699747 -1.33801322 -0.79168571 14.07384807  0.         12.29634337]\n",
      " [19.75869924 -1.09068411 -1.23660049 -1.09586277 12.29634337  0.        ]]\n",
      "1164.5123936281868\n",
      "[[ 0.         10.27611094 -0.78030191 -1.26788575 -0.74115066 16.01208484]\n",
      " [10.27611094  0.          8.20889223 -1.0979512  -1.3453568  -1.12012756]\n",
      " [-0.78030191  8.20889223  0.         27.22291599 -0.73417085 -1.24557666]\n",
      " [-1.26788575 -1.0979512  27.22291599  0.          7.5753059  -1.1925788 ]\n",
      " [-0.74115066 -1.3453568  -0.73417085  7.5753059   0.         14.49145236]\n",
      " [16.01208484 -1.12012756 -1.24557666 -1.1925788  14.49145236  0.        ]]\n",
      "669.8008668294879\n",
      "[[ 0.         11.37893206 -0.76291035 -1.28716114 -0.81639413 17.78615293]\n",
      " [11.37893206  0.         14.28270359 -1.09746063 -1.31835733 -1.03431013]\n",
      " [-0.76291035 14.28270359  0.         12.20065042 -0.80095136 -1.23729621]\n",
      " [-1.28716114 -1.09746063 12.20065042  0.         12.11552805 -1.14984802]\n",
      " [-0.81639413 -1.31835733 -0.80095136 12.11552805  0.         12.19869454]\n",
      " [17.78615293 -1.03431013 -1.23729621 -1.14984802 12.19869454  0.        ]]\n",
      "658.6761992553172\n",
      "[[ 0.         18.23388378 -0.64552731 -1.28172404 -0.93951081  9.59451923]\n",
      " [18.23388378  0.         15.1075238  -1.11772179 -1.33803324 -1.08788767]\n",
      " [-0.64552731 15.1075238   0.          8.94384523 -0.9208934  -1.27455363]\n",
      " [-1.28172404 -1.11772179  8.94384523  0.         12.65727069 -1.16134449]\n",
      " [-0.93951081 -1.33803324 -0.9208934  12.65727069  0.         10.82703466]\n",
      " [ 9.59451923 -1.08788767 -1.27455363 -1.16134449 10.82703466  0.        ]]\n",
      "585.8685813543715\n",
      "[[ 0.         15.81677262 -0.78657323 -1.31262767 -1.01676715  9.22577355]\n",
      " [15.81677262  0.         14.9821675  -1.10710545 -1.33237081 -1.05166116]\n",
      " [-0.78657323 14.9821675   0.          9.30971279 -0.90953101 -1.26210628]\n",
      " [-1.31262767 -1.10710545  9.30971279  0.         13.02070972 -1.14055045]\n",
      " [-1.01676715 -1.33237081 -0.90953101 13.02070972  0.         11.09184141]\n",
      " [ 9.22577355 -1.05166116 -1.26210628 -1.14055045 11.09184141  0.        ]]\n",
      "386.10839542623324\n",
      "[[ 0.         12.47527766 -0.98281593 -1.33991345 -1.01573718 11.61539407]\n",
      " [12.47527766  0.          8.38163638 -1.19250273 -1.36010935 -1.06864992]\n",
      " [-0.98281593  8.38163638  0.          7.88285458 -1.02019907 -1.29905856]\n",
      " [-1.33991345 -1.19250273  7.88285458  0.          9.67277754 -1.19400311]\n",
      " [-1.01573718 -1.36010935 -1.02019907  9.67277754  0.         10.98232673]\n",
      " [11.61539407 -1.06864992 -1.29905856 -1.19400311 10.98232673  0.        ]]\n",
      "380.4910638036032\n",
      "[[ 0.          7.54683699 -1.02373288 -1.38006641 -1.08389295 10.13703416]\n",
      " [ 7.54683699  0.         13.43393484 -1.22536478 -1.38520199 -1.12667302]\n",
      " [-1.02373288 13.43393484  0.          4.70808002 -1.14083056 -1.30699426]\n",
      " [-1.38006641 -1.22536478  4.70808002  0.          5.32557707 -1.25272898]\n",
      " [-1.08389295 -1.38520199 -1.14083056  5.32557707  0.         12.53609575]\n",
      " [10.13703416 -1.12667302 -1.30699426 -1.25272898 12.53609575  0.        ]]\n",
      "336.2422351241905\n",
      "[[ 0.          7.25760114 -1.00067267 -1.39006693 -1.16682389 10.89926646]\n",
      " [ 7.25760114  0.         13.49515611 -1.23965525 -1.40471979 -1.11023941]\n",
      " [-1.00067267 13.49515611  0.          5.32990762 -1.13078981 -1.27956948]\n",
      " [-1.39006693 -1.23965525  5.32990762  0.          5.04344291 -1.27109879]\n",
      " [-1.16682389 -1.40471979 -1.13078981  5.04344291  0.          8.40907296]\n",
      " [10.89926646 -1.11023941 -1.27956948 -1.27109879  8.40907296  0.        ]]\n",
      "238.0110955560607\n",
      "[[ 0.          7.23248988 -1.03682915 -1.39332575 -1.21505852  7.96344213]\n",
      " [ 7.23248988  0.         11.25758443 -1.24549674 -1.41516574 -1.15246299]\n",
      " [-1.03682915 11.25758443  0.          5.91926269 -1.13494108 -1.29459184]\n",
      " [-1.39332575 -1.24549674  5.91926269  0.          5.59525936 -1.26713151]\n",
      " [-1.21505852 -1.41516574 -1.13494108  5.59525936  0.          7.56511207]\n",
      " [ 7.96344213 -1.15246299 -1.29459184 -1.26713151  7.56511207  0.        ]]\n",
      "190.0019330362549\n",
      "[[ 0.          7.51107151 -1.12408421 -1.40227115 -1.28498272  7.25617386]\n",
      " [ 7.51107151  0.          9.50316354 -1.21973134 -1.42128893 -1.13206189]\n",
      " [-1.12408421  9.50316354  0.          7.23648016 -1.17133277 -1.32171879]\n",
      " [-1.40227115 -1.21973134  7.23648016  0.          5.36922822 -1.30036526]\n",
      " [-1.28498272 -1.42128893 -1.17133277  5.36922822  0.          4.30084725]\n",
      " [ 7.25617386 -1.13206189 -1.32171879 -1.30036526  4.30084725  0.        ]]\n",
      "153.9386968430255\n",
      "[[ 0.          5.91226155 -1.20385526 -1.42259104 -1.30168411  5.87812093]\n",
      " [ 5.91226155  0.          7.88360131 -1.2743462  -1.41730686 -1.19427669]\n",
      " [-1.20385526  7.88360131  0.          4.32569431 -1.16000945 -1.36504999]\n",
      " [-1.42259104 -1.2743462   4.32569431  0.          8.4598838  -1.35372908]\n",
      " [-1.30168411 -1.41730686 -1.16000945  8.4598838   0.          2.90623645]\n",
      " [ 5.87812093 -1.19427669 -1.36504999 -1.35372908  2.90623645  0.        ]]\n",
      "174.8922075257857\n",
      "[[ 0.          6.88250654 -1.20528315 -1.42914209 -1.33471973  7.64818073]\n",
      " [ 6.88250654  0.          5.43489681 -1.33439376 -1.44341635 -1.15885067]\n",
      " [-1.20528315  5.43489681  0.          2.70796466 -1.20842623 -1.35366428]\n",
      " [-1.42914209 -1.33439376  2.70796466  0.          9.64720697 -1.34737467]\n",
      " [-1.33471973 -1.44341635 -1.20842623  9.64720697  0.          1.88438596]\n",
      " [ 7.64818073 -1.15885067 -1.35366428 -1.34737467  1.88438596  0.        ]]\n",
      "142.88982629737436\n",
      "[[ 0.          5.64978807 -1.17967655 -1.42717813 -1.29790213  5.64219082]\n",
      " [ 5.64978807  0.          7.50192414 -1.29500655 -1.41964749 -1.21907481]\n",
      " [-1.17967655  7.50192414  0.          5.05684054 -1.09501619 -1.35570083]\n",
      " [-1.42717813 -1.29500655  5.05684054  0.          8.08546391 -1.37660105]\n",
      " [-1.29790213 -1.41964749 -1.09501619  8.08546391  0.          2.72261728]\n",
      " [ 5.64219082 -1.21907481 -1.35570083 -1.37660105  2.72261728  0.        ]]\n",
      "105.5040439137527\n",
      "[[ 0.          6.5578267  -1.24029799 -1.4382798  -1.31943387  3.89033649]\n",
      " [ 6.5578267   0.          4.05250958 -1.3138209  -1.43188138 -1.24441943]\n",
      " [-1.24029799  4.05250958  0.          7.32499385 -1.14641959 -1.37936718]\n",
      " [-1.4382798  -1.3138209   7.32499385  0.          3.92223283 -1.41728636]\n",
      " [-1.31943387 -1.43188138 -1.14641959  3.92223283  0.          2.9242471 ]\n",
      " [ 3.89033649 -1.24441943 -1.37936718 -1.41728636  2.9242471   0.        ]]\n",
      "112.23405458244383\n",
      "[[ 0.          7.19282534 -1.27478724 -1.44779907 -1.33403349  1.8863105 ]\n",
      " [ 7.19282534  0.          2.54867673 -1.34379435 -1.43415717 -1.26569451]\n",
      " [-1.27478724  2.54867673  0.          7.03596662 -1.1296678  -1.37579549]\n",
      " [-1.44779907 -1.34379435  7.03596662  0.          4.00736767 -1.39495425]\n",
      " [-1.33403349 -1.43415717 -1.1296678   4.00736767  0.          5.36555977]\n",
      " [ 1.8863105  -1.26569451 -1.37579549 -1.39495425  5.36555977  0.        ]]\n",
      "106.55217071260604\n",
      "[[ 0.          7.25871561 -1.22698226 -1.43455638 -1.33025135  3.01054663]\n",
      " [ 7.25871561  0.          4.08182411 -1.31448193 -1.43927673 -1.26861973]\n",
      " [-1.22698226  4.08182411  0.          6.8073009  -1.17326173 -1.38675775]\n",
      " [-1.43455638 -1.31448193  6.8073009   0.          4.1879932  -1.41344121]\n",
      " [-1.33025135 -1.43927673 -1.17326173  4.1879932   0.          2.74488896]\n",
      " [ 3.01054663 -1.26861973 -1.38675775 -1.41344121  2.74488896  0.        ]]\n",
      "146.9391164894594\n",
      "[[ 0.          2.88901643 -1.28765562 -1.43301794 -1.33904483  3.7244759 ]\n",
      " [ 2.88901643  0.          2.94974984 -1.31360196 -1.45809778 -1.32205557]\n",
      " [-1.28765562  2.94974984  0.         10.01505018 -1.18146178 -1.39418245]\n",
      " [-1.43301794 -1.31360196 10.01505018  0.          4.2783648  -1.40427911]\n",
      " [-1.33904483 -1.45809778 -1.18146178  4.2783648   0.          2.37878267]\n",
      " [ 3.7244759  -1.32205557 -1.39418245 -1.40427911  2.37878267  0.        ]]\n",
      "111.50960366277907\n",
      "[[ 0.          7.95018716 -1.20147462 -1.42748874 -1.30723592  3.38353794]\n",
